local KeyframeSequence = Instance.new("KeyframeSequence")
KeyframeSequence.Name = "Imported Animation Clip"

do
  local k = Instance.new("Keyframe")
  k.Time = 0
  k.Parent = KeyframeSequence
  do
    local p1 = Instance.new("Pose")
    p1.Name = "HumanoidRootPart"
    p1.CFrame = CFrame.new(0, 0, 0, 1, 0, 0, 0, 1, 0, 0, 0, 1)
    p1.Parent = k
    do
      local p2 = Instance.new("Pose")
      p2.Name = "Torso"
      p2.CFrame = CFrame.new(0, 0, 0, 1, 0, 0, 0, 1, 0, 0, 0, 1)
      p2.Parent = p1
      do
        local p3 = Instance.new("Pose")
        p3.Name = "Head"
        p3.CFrame = CFrame.new(0, 0, 0, 1, 0, 0, 0, 1, 0, 0, 0, 1)
        p3.Parent = p2
      end
      do
        local p4 = Instance.new("Pose")
        p4.Name = "Right Arm"
        p4.CFrame = CFrame.new(0, 0, 0, 1, 0, 0, 0, 1, 0, 0, 0, 1)
        p4.Parent = p2
      end
      do
        local p5 = Instance.new("Pose")
        p5.Name = "Left Arm"
        p5.CFrame = CFrame.new(0, 0, 0, 1, 0, 0, 0, 1, 0, 0, 0, 1)
        p5.Parent = p2
      end
    end
  end
end

do
  local k = Instance.new("Keyframe")
  k.Time = 0.05000000074505806
  k.Parent = KeyframeSequence
  do
    local p6 = Instance.new("Pose")
    p6.Name = "HumanoidRootPart"
    p6.CFrame = CFrame.new(0, 0, 0, 1, 0, 0, 0, 1, 0, 0, 0, 1)
    p6.Parent = k
    do
      local p7 = Instance.new("Pose")
      p7.Name = "Torso"
      p7.CFrame = CFrame.new(0, 0, 0, 0.7523816823959351, 0.6493193507194519, 0.11093322187662125, -0.6587274074554443, 0.7416360378265381, 0.1267051100730896, 0, -0.16840535402297974, 0.9857178330421448)
      p7.Parent = p6
      do
        local p8 = Instance.new("Pose")
        p8.Name = "Head"
        p8.CFrame = CFrame.new(0, 0, -2.9802322387695312e-08, 0.8141960501670837, -0.5721290707588196, 0.09875839203596115, 0.5805901288986206, 0.8023306131362915, -0.13849475979804993, 0, 0.17010001838207245, 0.9854267835617065)
        p8.Parent = p7
      end
      do
        local p9 = Instance.new("Pose")
        p9.Name = "Right Arm"
        p9.CFrame = CFrame.new(2.980232238769531e-07, -1.4901161193847656e-08, 0, -0.3074488043785095, -0.8381978869438171, 0.45044371485710144, 0.9515205025672913, -0.27536913752555847, 0.13704253733158112, 0.00916953757405281, 0.4707399606704712, 0.8822243213653564)
        p9.Parent = p7
      end
      do
        local p10 = Instance.new("Pose")
        p10.Name = "Left Arm"
        p10.CFrame = CFrame.new(1.4901161193847656e-08, 0, 0, 0.7483357787132263, 0.6417157649993896, 0.16791217029094696, -0.6633201241493225, 0.7239624261856079, 0.18943293392658234, 0, -0.2531389594078064, 0.9674299359321594)
        p10.Parent = p7
      end
    end
  end
end

do
  local k = Instance.new("Keyframe")
  k.Time = 0.11666666716337204
  k.Parent = KeyframeSequence
  do
    local p11 = Instance.new("Pose")
    p11.Name = "HumanoidRootPart"
    p11.CFrame = CFrame.new(0, 0, 0, 1, 0, 0, 0, 1, 0, 0, 0, 1)
    p11.Parent = k
    do
      local p12 = Instance.new("Pose")
      p12.Name = "Torso"
      p12.CFrame = CFrame.new(0, 0, 0, 0.6563054919242859, 0.7497374415397644, 0.08459755778312683, -0.7475085854530334, 0.6309044361114502, 0.2078232616186142, 0.10243991017341614, -0.19963295757770538, 0.9745012521743774)
      p12.Parent = p11
      do
        local p13 = Instance.new("Pose")
        p13.Name = "Head"
        p13.CFrame = CFrame.new(7.450580596923828e-09, -1.4901161193847656e-08, 0, 0.8141960501670837, -0.5604982376098633, 0.15141542255878448, 0.5805901288986206, 0.7860199809074402, -0.21233883500099182, 0, 0.2607957124710083, 0.9653940200805664)
        p13.Parent = p12
      end
      do
        local p14 = Instance.new("Pose")
        p14.Name = "Right Arm"
        p14.CFrame = CFrame.new(-0.09165668487548828, 0.0435861200094223, 0.2360202968120575, -0.10860331356525421, -0.7263314723968506, 0.6787102222442627, 0.9892217516899109, -0.011509295552968979, 0.14597249031066895, -0.098212830722332, 0.6872482299804688, 0.7197525501251221)
        p14.Parent = p12
      end
      do
        local p15 = Instance.new("Pose")
        p15.Name = "Left Arm"
        p15.CFrame = CFrame.new(0.040913790464401245, -0.1997186243534088, -0.02099478244781494, 0.7201660871505737, 0.643094539642334, 0.26036572456359863, -0.6935774087905884, 0.6577761173248291, 0.2937360405921936, 0.017637580633163452, -0.39212265610694885, 0.9197438359260559)
        p15.Parent = p12
      end
    end
  end
end

do
  local k = Instance.new("Keyframe")
  k.Time = 0.1666666716337204
  k.Parent = KeyframeSequence
  do
    local p16 = Instance.new("Pose")
    p16.Name = "HumanoidRootPart"
    p16.CFrame = CFrame.new(0, 0, 0, 1, 0, 0, 0, 1, 0, 0, 0, 1)
    p16.Parent = k
    do
      local p17 = Instance.new("Pose")
      p17.Name = "Torso"
      p17.CFrame = CFrame.new(0, 0, 0, 0.9641047120094299, 0.26526331901550293, 0.011718451976776123, -0.26410749554634094, 0.9625837802886963, -0.06066112220287323, -0.027371160686016083, 0.055388689041137695, 0.998089611530304)
      p17.Parent = p16
      do
        local p18 = Instance.new("Pose")
        p18.Name = "Head"
        p18.CFrame = CFrame.new(4.0978193283081055e-08, 1.30385160446167e-08, -1.1920928955078125e-07, 0.9653094410896301, -0.2605794370174408, -0.01661774516105652, 0.259511262178421, 0.9644877910614014, -0.049165502190589905, 0.028839141130447388, 0.04314741492271423, 0.9986523985862732)
        p18.Parent = p17
      end
      do
        local p19 = Instance.new("Pose")
        p19.Name = "Right Arm"
        p19.CFrame = CFrame.new(-0.3728347420692444, -0.2718833088874817, 0.15152353048324585, 0.105630062520504, -0.9512338638305664, 0.2898215055465698, 0.9810269474983215, 0.1473320722579956, 0.12601317465305328, -0.1625678837299347, 0.2710120975971222, 0.9487481713294983)
        p19.Parent = p17
      end
      do
        local p20 = Instance.new("Pose")
        p20.Name = "Left Arm"
        p20.CFrame = CFrame.new(0.5637880563735962, -0.23267033696174622, -0.1644575595855713, 0.6052026152610779, 0.4042416214942932, 0.685797929763794, -0.7956464290618896, 0.2790055274963379, 0.5376826524734497, 0.02601221203804016, -0.8710594177246094, 0.4904879033565521)
        p20.Parent = p17
      end
    end
  end
end

do
  local k = Instance.new("Keyframe")
  k.Time = 0.21666666865348816
  k.Parent = KeyframeSequence
  do
    local p21 = Instance.new("Pose")
    p21.Name = "HumanoidRootPart"
    p21.CFrame = CFrame.new(0, 0, 0, 1, 0, 0, 0, 1, 0, 0, 0, 1)
    p21.Parent = k
    do
      local p22 = Instance.new("Pose")
      p22.Name = "Torso"
      p22.CFrame = CFrame.new(0, 0, 0, 0.5910954475402832, -0.777608335018158, 0.21431563794612885, 0.8055065274238586, 0.555234432220459, -0.20706039667129517, 0.042016416788101196, 0.295025110244751, 0.9545652270317078)
      p22.Parent = p21
      do
        local p23 = Instance.new("Pose")
        p23.Name = "Head"
        p23.CFrame = CFrame.new(1.862645149230957e-07, 5.21540641784668e-08, -4.470348358154297e-07, 0.7574455738067627, 0.6484201550483704, -0.0763406902551651, -0.6311822533607483, 0.7571347951889038, 0.16839182376861572, 0.166988804936409, -0.07936270534992218, 0.9827594757080078)
        p23.Parent = p22
      end
      do
        local p24 = Instance.new("Pose")
        p24.Name = "Right Arm"
        p24.CFrame = CFrame.new(0.8119732141494751, 0.010374844074249268, 0.26256901025772095, 0.024299949407577515, -0.7902061939239502, -0.6123579144477844, 0.9481202363967896, -0.1760042905807495, 0.264745831489563, -0.31698089838027954, -0.5870226621627808, 0.7449337840080261)
        p24.Parent = p22
      end
      do
        local p25 = Instance.new("Pose")
        p25.Name = "Left Arm"
        p25.CFrame = CFrame.new(0.19510969519615173, -0.12821362912654877, 0.05112546682357788, 0.605202317237854, 0.7248641848564148, 0.32909199595451355, -0.7956464290618896, 0.5372660756111145, 0.2798067629337311, 0.02601248025894165, -0.4311806261539459, 0.9018903970718384)
        p25.Parent = p22
      end
    end
  end
end

do
  local k = Instance.new("Keyframe")
  k.Time = 0.2666666805744171
  k.Parent = KeyframeSequence
  do
    local p26 = Instance.new("Pose")
    p26.Name = "HumanoidRootPart"
    p26.CFrame = CFrame.new(0, 0, 0, 1, 0, 0, 0, 1, 0, 0, 0, 1)
    p26.Parent = k
    do
      local p27 = Instance.new("Pose")
      p27.Name = "Torso"
      p27.CFrame = CFrame.new(0, 0, 0, 0.36136916279792786, -0.8863294720649719, 0.2895379066467285, 0.9247390627861023, 0.30089205503463745, -0.23307012021541595, 0.1194572001695633, 0.3519713878631592, 0.9283566474914551)
      p27.Parent = p26
      do
        local p28 = Instance.new("Pose")
        p28.Name = "Head"
        p28.CFrame = CFrame.new(2.123415470123291e-07, 2.9802322387695312e-08, -5.066394805908203e-07, 0.713714063167572, 0.7002695798873901, 0.01533159613609314, -0.6790431141853333, 0.68638014793396, 0.26035094261169434, 0.17179252207279205, -0.19622689485549927, 0.9653922319412231)
        p28.Parent = p27
      end
      do
        local p29 = Instance.new("Pose")
        p29.Name = "Right Arm"
        p29.CFrame = CFrame.new(1.0317716598510742, 0.10976552963256836, 0.38732457160949707, -0.05545112490653992, -0.5986325740814209, -0.7991007566452026, 0.9080474376678467, -0.3630296289920807, 0.2089468538761139, -0.4151790142059326, -0.714036226272583, 0.5637176036834717)
        p29.Parent = p27
      end
      do
        local p30 = Instance.new("Pose")
        p30.Name = "Left Arm"
        p30.CFrame = CFrame.new(0.31090986728668213, -0.19306175410747528, 0.3022114038467407, 0.048187702894210815, 0.9197386503219604, -0.3895614743232727, -0.9614993929862976, -0.06292781233787537, -0.26750504970550537, -0.27054858207702637, 0.38745400309562683, 0.881295919418335)
        p30.Parent = p27
      end
    end
  end
end

do
  local k = Instance.new("Keyframe")
  k.Time = 0.3333333432674408
  k.Parent = KeyframeSequence
  do
    local p31 = Instance.new("Pose")
    p31.Name = "HumanoidRootPart"
    p31.CFrame = CFrame.new(0, 0, 0, 1, 0, 0, 0, 1, 0, 0, 0, 1)
    p31.Parent = k
    do
      local p32 = Instance.new("Pose")
      p32.Name = "Torso"
      p32.CFrame = CFrame.new(0, 0, 0, 0.613601803779602, -0.7722888588905334, 0.1645071804523468, 0.7895858883857727, 0.5983049869537354, -0.13632819056510925, 0.00685921311378479, 0.21354375779628754, 0.976909339427948)
      p32.Parent = p31
      do
        local p33 = Instance.new("Pose")
        p33.Name = "Head"
        p33.CFrame = CFrame.new(1.993030309677124e-07, -2.60770320892334e-08, -8.046627044677734e-07, 0.7688562273979187, 0.6383143663406372, -0.03761914372444153, -0.6315888166427612, 0.7673026919364929, 0.11109498143196106, 0.09977880865335464, -0.06165621429681778, 0.9930974245071411)
        p33.Parent = p32
      end
      do
        local p34 = Instance.new("Pose")
        p34.Name = "Right Arm"
        p34.CFrame = CFrame.new(0.8744654655456543, -0.16393786668777466, -0.18807387351989746, 0.027953840792179108, -0.9984848499298096, -0.047373801469802856, 0.9290627241134644, 0.008464157581329346, 0.36982461810112, -0.3688625693321228, -0.05435153841972351, 0.9278928637504578)
        p34.Parent = p32
      end
      do
        local p35 = Instance.new("Pose")
        p35.Name = "Left Arm"
        p35.CFrame = CFrame.new(0.11823123693466187, -0.17987878620624542, 0.2210424691438675, 0.048187702894210815, 0.9197386503219604, -0.3895614743232727, -0.9614993929862976, -0.06292781233787537, -0.26750504970550537, -0.27054858207702637, 0.38745400309562683, 0.881295919418335)
        p35.Parent = p32
      end
    end
  end
end

do
  local k = Instance.new("Keyframe")
  k.Time = 0.38333332538604736
  k.Parent = KeyframeSequence
  do
    local p36 = Instance.new("Pose")
    p36.Name = "HumanoidRootPart"
    p36.CFrame = CFrame.new(0, 0, 0, 1, 0, 0, 0, 1, 0, 0, 0, 1)
    p36.Parent = k
    do
      local p37 = Instance.new("Pose")
      p37.Name = "Torso"
      p37.CFrame = CFrame.new(0, 0, 0, 0.7579134702682495, -0.651766300201416, 0.0277060866355896, 0.6523312926292419, 0.7575650215148926, -0.023647144436836243, -0.005576826632022858, 0.03599601984024048, 0.999336302280426)
      p37.Parent = p36
      do
        local p38 = Instance.new("Pose")
        p38.Name = "Head"
        p38.CFrame = CFrame.new(2.123415470123291e-07, -4.0978193283081055e-08, -8.642673492431641e-07, 0.7686720490455627, 0.6362981796264648, -0.06533147394657135, -0.6396390199661255, 0.7642779350280762, -0.08210408687591553, -0.002311237156391144, 0.10489965975284576, 0.9944800734519958)
        p38.Parent = p37
      end
    end
  end
end

do
  local k = Instance.new("Keyframe")
  k.Time = 0.4333333373069763
  k.Parent = KeyframeSequence
  do
    local p39 = Instance.new("Pose")
    p39.Name = "HumanoidRootPart"
    p39.CFrame = CFrame.new(0, 0, 0, 1, 0, 0, 0, 1, 0, 0, 0, 1)
    p39.Parent = k
    do
      local p40 = Instance.new("Pose")
      p40.Name = "Torso"
      p40.CFrame = CFrame.new(0, 0, 0, 0.8524923920631409, 0.5049441456794739, -0.13523338735103607, -0.5210360288619995, 0.7999192476272583, -0.29774293303489685, -0.042167797684669495, 0.32428494095802307, 0.945019006729126)
      p40.Parent = p39
      do
        local p41 = Instance.new("Pose")
        p41.Name = "Head"
        p41.CFrame = CFrame.new(1.9371509552001953e-07, -2.9802322387695312e-08, -8.046627044677734e-07, 0.913880467414856, -0.4042370617389679, -0.03761914372444153, 0.40584051609039307, 0.907166600227356, 0.11109498143196106, -0.010781850665807724, -0.11679490655660629, 0.9930974245071411)
        p41.Parent = p40
      end
      do
        local p42 = Instance.new("Pose")
        p42.Name = "Right Arm"
        p42.CFrame = CFrame.new(0.3061096668243408, -0.15912044048309326, -0.21901094913482666, -0.719970703125, -0.6923840045928955, -0.047373801469802856, 0.6312620043754578, -0.6817166209220886, 0.36982461810112, -0.28835588693618774, 0.23635688424110413, 0.9278928637504578)
        p42.Parent = p40
      end
      do
        local p43 = Instance.new("Pose")
        p43.Name = "Left Arm"
        p43.CFrame = CFrame.new(-1.231850266456604, 0.12241628766059875, -0.08198940753936768, -0.29299113154411316, 0.8323097825050354, 0.47054848074913025, -0.9546623826026917, -0.28178396821022034, -0.09600702673196793, 0.05268574506044388, -0.4773438274860382, 0.8771355152130127)
        p43.Parent = p40
      end
    end
  end
end

do
  local k = Instance.new("Keyframe")
  k.Time = 0.4833333194255829
  k.Parent = KeyframeSequence
  do
    local p44 = Instance.new("Pose")
    p44.Name = "HumanoidRootPart"
    p44.CFrame = CFrame.new(0, 0, 0, 1, 0, 0, 0, 1, 0, 0, 0, 1)
    p44.Parent = k
    do
      local p45 = Instance.new("Pose")
      p45.Name = "Torso"
      p45.CFrame = CFrame.new(0, 0, 0, 0.8112746477127075, 0.5622450113296509, -0.16035570204257965, -0.5808247327804565, 0.743655264377594, -0.3310883939266205, -0.06690345704555511, 0.3617420196533203, 0.9298744201660156)
      p45.Parent = p44
      do
        local p46 = Instance.new("Pose")
        p46.Name = "Head"
        p46.CFrame = CFrame.new(2.086162567138672e-07, -2.9802322387695312e-08, -9.834766387939453e-07, 0.8751503825187683, -0.48338666558265686, 0.021198153495788574, 0.4758369028568268, 0.867769181728363, 0.14337275922298431, -0.08769955486059189, -0.11538586020469666, 0.9894415736198425)
        p46.Parent = p45
      end
      do
        local p47 = Instance.new("Pose")
        p47.Name = "Right Arm"
        p47.CFrame = CFrame.new(0.11295035481452942, -0.24511630833148956, -0.06814950704574585, -0.478887140750885, -0.8636510372161865, -0.1573900580406189, 0.824821949005127, -0.5040373802185059, 0.2561531662940979, -0.3005569577217102, -0.007151007652282715, 0.9537365436553955)
        p47.Parent = p45
      end
      do
        local p48 = Instance.new("Pose")
        p48.Name = "Left Arm"
        p48.CFrame = CFrame.new(-1.3083124160766602, 0.21056628227233887, -0.1573045253753662, -0.29299113154411316, 0.8323097825050354, 0.47054848074913025, -0.9546623826026917, -0.28178396821022034, -0.09600702673196793, 0.05268574506044388, -0.4773438274860382, 0.8771355152130127)
        p48.Parent = p45
      end
    end
  end
end

do
  local k = Instance.new("Keyframe")
  k.Time = 0.550000011920929
  k.Parent = KeyframeSequence
  do
    local p49 = Instance.new("Pose")
    p49.Name = "HumanoidRootPart"
    p49.CFrame = CFrame.new(0, 0, 0, 1, 0, 0, 0, 1, 0, 0, 0, 1)
    p49.Parent = k
    do
      local p50 = Instance.new("Pose")
      p50.Name = "Torso"
      p50.CFrame = CFrame.new(0, 0, 0, 0.6426771879196167, -0.7373163104057312, 0.20816010236740112, 0.6799963116645813, 0.4237915277481079, -0.598335862159729, 0.3529462218284607, 0.526084840297699, 0.7737334370613098)
      p50.Parent = p49
      do
        local p51 = Instance.new("Pose")
        p51.Name = "Head"
        p51.CFrame = CFrame.new(2.905726432800293e-07, -8.940696716308594e-08, -0.0000012218952178955078, 0.7754321694374084, 0.6131068468093872, 0.15101388096809387, -0.621445894241333, 0.6986588835716248, 0.35451456904411316, 0.1118481382727623, -0.36874887347221375, 0.922775149345398)
        p51.Parent = p50
      end
      do
        local p52 = Instance.new("Pose")
        p52.Name = "Right Arm"
        p52.CFrame = CFrame.new(0.6391439437866211, 0.7487968802452087, 0.36307448148727417, -0.6023463606834412, -0.4659392535686493, -0.6481326818466187, 0.6745917201042175, -0.731209933757782, -0.1012740507721901, -0.42673274874687195, -0.498229444026947, 0.7547621130943298)
        p52.Parent = p50
      end
      do
        local p53 = Instance.new("Pose")
        p53.Name = "Left Arm"
        p53.CFrame = CFrame.new(-0.37348854541778564, -0.5142093896865845, 0.03816799446940422, -0.29299092292785645, 0.7022172212600708, -0.6488803625106812, -0.9546620845794678, -0.17746354639530182, 0.23901104927062988, 0.05268597602844238, 0.6894904971122742, 0.722375750541687)
        p53.Parent = p50
      end
    end
  end
end

do
  local k = Instance.new("Keyframe")
  k.Time = 0.6000000238418579
  k.Parent = KeyframeSequence
  do
    local p54 = Instance.new("Pose")
    p54.Name = "HumanoidRootPart"
    p54.CFrame = CFrame.new(0, 0, 0, 1, 0, 0, 0, 1, 0, 0, 0, 1)
    p54.Parent = k
    do
      local p55 = Instance.new("Pose")
      p55.Name = "Torso"
      p55.CFrame = CFrame.new(0, 0, 0, 0.5758112072944641, -0.7906395196914673, 0.20816010236740112, 0.714417576789856, 0.36276957392692566, -0.598335862159729, 0.3975537121295929, 0.49324163794517517, 0.7737334370613098)
      p55.Parent = p54
      do
        local p56 = Instance.new("Pose")
        p56.Name = "Head"
        p56.CFrame = CFrame.new(2.980232238769531e-07, -8.940696716308594e-08, -0.0000012516975402832031, 0.737734854221344, 0.6579835414886475, 0.15101388096809387, -0.6617581248283386, 0.660602331161499, 0.35451456904411316, 0.13350465893745422, -0.36147233843803406, 0.922775149345398)
        p56.Parent = p55
      end
      do
        local p57 = Instance.new("Pose")
        p57.Name = "Right Arm"
        p57.CFrame = CFrame.new(0.6391438841819763, 0.7487970590591431, 0.3630744218826294, -0.5640544295310974, -0.5116279125213623, -0.6481326818466187, 0.729720950126648, -0.676202118396759, -0.1012740507721901, -0.38645312190055847, -0.5300824642181396, 0.7547621130943298)
        p57.Parent = p55
      end
      do
        local p58 = Instance.new("Pose")
        p58.Name = "Left Arm"
        p58.CFrame = CFrame.new(-0.3036597967147827, -0.6293774843215942, 0.17567983269691467, -0.2929908037185669, 0.702217161655426, -0.6488804221153259, -0.9546619057655334, -0.17746368050575256, 0.2390110194683075, 0.052686113864183426, 0.6894903779029846, 0.722375750541687)
        p58.Parent = p55
      end
    end
  end
end

do
  local k = Instance.new("Keyframe")
  k.Time = 0.6499999761581421
  k.Parent = KeyframeSequence
  do
    local p59 = Instance.new("Pose")
    p59.Name = "HumanoidRootPart"
    p59.CFrame = CFrame.new(0, 0, 0, 1, 0, 0, 0, 1, 0, 0, 0, 1)
    p59.Parent = k
    do
      local p60 = Instance.new("Pose")
      p60.Name = "Torso"
      p60.CFrame = CFrame.new(0, 0, 0, 0.8524923920631409, 0.4788409471511841, -0.2096855342388153, -0.5210360288619995, 0.745999276638031, -0.41473692655563354, -0.042167797684669495, 0.46281367540359497, 0.8854519128799438)
      p60.Parent = p59
      do
        local p61 = Instance.new("Pose")
        p61.Name = "Head"
        p61.CFrame = CFrame.new(2.0489096641540527e-07, -4.470348358154297e-08, -8.940696716308594e-07, 0.8582944869995117, -0.5117770433425903, -0.03761914372444153, 0.5125568509101868, 0.8514359593391418, 0.11109498143196106, -0.02482553757727146, -0.11463416367769241, 0.9930974245071411)
        p61.Parent = p60
      end
      do
        local p62 = Instance.new("Pose")
        p62.Name = "Right Arm"
        p62.CFrame = CFrame.new(0.3061096668243408, -0.15912044048309326, -0.21901094913482666, -0.719970703125, -0.6923840045928955, -0.047373801469802856, 0.6312620043754578, -0.6817166209220886, 0.36982461810112, -0.28835588693618774, 0.23635688424110413, 0.9278928637504578)
        p62.Parent = p60
      end
      do
        local p63 = Instance.new("Pose")
        p63.Name = "Left Arm"
        p63.CFrame = CFrame.new(-1.0641611814498901, 0.048985496163368225, 0.21654081344604492, -0.415470689535141, 0.725920557975769, 0.5481085181236267, -0.9010792374610901, -0.41077712178230286, -0.13898849487304688, 0.12425614893436432, -0.5516346096992493, 0.824778139591217)
        p63.Parent = p60
      end
    end
  end
end

do
  local k = Instance.new("Keyframe")
  k.Time = 0.699999988079071
  k.Parent = KeyframeSequence
  do
    local p64 = Instance.new("Pose")
    p64.Name = "HumanoidRootPart"
    p64.CFrame = CFrame.new(0, 0, 0, 1, 0, 0, 0, 1, 0, 0, 0, 1)
    p64.Parent = k
    do
      local p65 = Instance.new("Pose")
      p65.Name = "Torso"
      p65.CFrame = CFrame.new(0, 0, 0, 0.8112746477127075, 0.5643585920333862, -0.1527506709098816, -0.5808247327804565, 0.7480571866035461, -0.32101869583129883, -0.06690345704555511, 0.3491555452346802, 0.9346732497215271)
      p65.Parent = p64
      do
        local p66 = Instance.new("Pose")
        p66.Name = "Head"
        p66.CFrame = CFrame.new(2.5331974029541016e-07, -3.725290298461914e-08, -0.0000011920928955078125, 0.8259812593460083, -0.5588371753692627, 0.07386630773544312, 0.5567969083786011, 0.8292756080627441, 0.04773826152086258, -0.08793341368436813, 0.0016976105980575085, 0.996124804019928)
        p66.Parent = p65
      end
      do
        local p67 = Instance.new("Pose")
        p67.Name = "Right Arm"
        p67.CFrame = CFrame.new(0.11294904351234436, -0.2451162040233612, -0.06814944744110107, -0.478887140750885, -0.872153103351593, 0.10006868839263916, 0.824821949005127, -0.40798673033714294, 0.39142683148384094, -0.3005569577217102, 0.2699878215789795, 0.9147520065307617)
        p67.Parent = p65
      end
      do
        local p68 = Instance.new("Pose")
        p68.Name = "Left Arm"
        p68.CFrame = CFrame.new(-1.1537742614746094, 0.1173747181892395, 0.12955576181411743, -0.6749551892280579, 0.5441271662712097, 0.49835607409477234, -0.6794499754905701, -0.7217082381248474, -0.13223031163215637, 0.2877180874347687, -0.42785757780075073, 0.8568289279937744)
        p68.Parent = p65
      end
    end
  end
end

do
  local k = Instance.new("Keyframe")
  k.Time = 0.7666666507720947
  k.Parent = KeyframeSequence
  do
    local p69 = Instance.new("Pose")
    p69.Name = "HumanoidRootPart"
    p69.CFrame = CFrame.new(0, 0, 0, 1, 0, 0, 0, 1, 0, 0, 0, 1)
    p69.Parent = k
    do
      local p70 = Instance.new("Pose")
      p70.Name = "Torso"
      p70.CFrame = CFrame.new(0, 0, 0, 0.6426771879196167, -0.7373163104057312, 0.20816010236740112, 0.6799963116645813, 0.4237915277481079, -0.598335862159729, 0.3529462218284607, 0.526084840297699, 0.7737334370613098)
      p70.Parent = p69
      do
        local p71 = Instance.new("Pose")
        p71.Name = "Head"
        p71.CFrame = CFrame.new(2.905726432800293e-07, -8.940696716308594e-08, -0.0000012218952178955078, 0.7754321694374084, 0.6131068468093872, 0.15101388096809387, -0.621445894241333, 0.6986588835716248, 0.35451456904411316, 0.1118481382727623, -0.36874887347221375, 0.922775149345398)
        p71.Parent = p70
      end
      do
        local p72 = Instance.new("Pose")
        p72.Name = "Right Arm"
        p72.CFrame = CFrame.new(0.6391439437866211, 0.7487968802452087, 0.36307448148727417, -0.6023463606834412, -0.4659392535686493, -0.6481326818466187, 0.6745917201042175, -0.731209933757782, -0.1012740507721901, -0.42673274874687195, -0.498229444026947, 0.7547621130943298)
        p72.Parent = p70
      end
      do
        local p73 = Instance.new("Pose")
        p73.Name = "Left Arm"
        p73.CFrame = CFrame.new(-0.37348854541778564, -0.5142093896865845, 0.03816799446940422, -0.29299092292785645, 0.7022172212600708, -0.6488803625106812, -0.9546620845794678, -0.17746354639530182, 0.23901104927062988, 0.05268597602844238, 0.6894904971122742, 0.722375750541687)
        p73.Parent = p70
      end
    end
  end
end

do
  local k = Instance.new("Keyframe")
  k.Time = 0.8166666626930237
  k.Parent = KeyframeSequence
  do
    local p74 = Instance.new("Pose")
    p74.Name = "HumanoidRootPart"
    p74.CFrame = CFrame.new(0, 0, 0, 1, 0, 0, 0, 1, 0, 0, 0, 1)
    p74.Parent = k
    do
      local p75 = Instance.new("Pose")
      p75.Name = "Torso"
      p75.CFrame = CFrame.new(0, 0, 0, 0.5758112072944641, -0.7906395196914673, 0.20816010236740112, 0.714417576789856, 0.36276957392692566, -0.598335862159729, 0.3975537121295929, 0.49324163794517517, 0.7737334370613098)
      p75.Parent = p74
      do
        local p76 = Instance.new("Pose")
        p76.Name = "Head"
        p76.CFrame = CFrame.new(2.980232238769531e-07, -8.940696716308594e-08, -0.0000012516975402832031, 0.737734854221344, 0.6579835414886475, 0.15101388096809387, -0.6617581248283386, 0.660602331161499, 0.35451456904411316, 0.13350465893745422, -0.36147233843803406, 0.922775149345398)
        p76.Parent = p75
      end
      do
        local p77 = Instance.new("Pose")
        p77.Name = "Right Arm"
        p77.CFrame = CFrame.new(0.6391438841819763, 0.7487970590591431, 0.3630744218826294, -0.5640544295310974, -0.5116279125213623, -0.6481326818466187, 0.729720950126648, -0.676202118396759, -0.1012740507721901, -0.38645312190055847, -0.5300824642181396, 0.7547621130943298)
        p77.Parent = p75
      end
      do
        local p78 = Instance.new("Pose")
        p78.Name = "Left Arm"
        p78.CFrame = CFrame.new(-0.3036597967147827, -0.6293774843215942, 0.17567983269691467, -0.2929908037185669, 0.702217161655426, -0.6488804221153259, -0.9546619057655334, -0.17746368050575256, 0.2390110194683075, 0.052686113864183426, 0.6894903779029846, 0.722375750541687)
        p78.Parent = p75
      end
    end
  end
end

do
  local k = Instance.new("Keyframe")
  k.Time = 0.8666666746139526
  k.Parent = KeyframeSequence
  do
    local p79 = Instance.new("Pose")
    p79.Name = "HumanoidRootPart"
    p79.CFrame = CFrame.new(0, 0, 0, 1, 0, 0, 0, 1, 0, 0, 0, 1)
    p79.Parent = k
    do
      local p80 = Instance.new("Pose")
      p80.Name = "Torso"
      p80.CFrame = CFrame.new(0, 0, 0, 0.8524923920631409, 0.4788409471511841, -0.2096855342388153, -0.5210360288619995, 0.745999276638031, -0.41473692655563354, -0.042167797684669495, 0.46281367540359497, 0.8854519128799438)
      p80.Parent = p79
      do
        local p81 = Instance.new("Pose")
        p81.Name = "Head"
        p81.CFrame = CFrame.new(2.0489096641540527e-07, -4.470348358154297e-08, -8.940696716308594e-07, 0.8582944869995117, -0.5117770433425903, -0.03761914372444153, 0.5125568509101868, 0.8514359593391418, 0.11109498143196106, -0.02482553757727146, -0.11463416367769241, 0.9930974245071411)
        p81.Parent = p80
      end
      do
        local p82 = Instance.new("Pose")
        p82.Name = "Right Arm"
        p82.CFrame = CFrame.new(0.3061096668243408, -0.15912044048309326, -0.21901094913482666, -0.719970703125, -0.6923840045928955, -0.047373801469802856, 0.6312620043754578, -0.6817166209220886, 0.36982461810112, -0.28835588693618774, 0.23635688424110413, 0.9278928637504578)
        p82.Parent = p80
      end
      do
        local p83 = Instance.new("Pose")
        p83.Name = "Left Arm"
        p83.CFrame = CFrame.new(-1.0641611814498901, 0.048985496163368225, 0.21654081344604492, -0.415470689535141, 0.725920557975769, 0.5481085181236267, -0.9010792374610901, -0.41077712178230286, -0.13898849487304688, 0.12425614893436432, -0.5516346096992493, 0.824778139591217)
        p83.Parent = p80
      end
    end
  end
end

do
  local k = Instance.new("Keyframe")
  k.Time = 0.9166666865348816
  k.Parent = KeyframeSequence
  do
    local p84 = Instance.new("Pose")
    p84.Name = "HumanoidRootPart"
    p84.CFrame = CFrame.new(0, 0, 0, 1, 0, 0, 0, 1, 0, 0, 0, 1)
    p84.Parent = k
    do
      local p85 = Instance.new("Pose")
      p85.Name = "Torso"
      p85.CFrame = CFrame.new(0, 0, 0, 0.8112746477127075, 0.5643585920333862, -0.1527506709098816, -0.5808247327804565, 0.7480571866035461, -0.32101869583129883, -0.06690345704555511, 0.3491555452346802, 0.9346732497215271)
      p85.Parent = p84
      do
        local p86 = Instance.new("Pose")
        p86.Name = "Head"
        p86.CFrame = CFrame.new(2.5331974029541016e-07, -3.725290298461914e-08, -0.0000011920928955078125, 0.8259812593460083, -0.5588371753692627, 0.07386630773544312, 0.5567969083786011, 0.8292756080627441, 0.04773826152086258, -0.08793341368436813, 0.0016976105980575085, 0.996124804019928)
        p86.Parent = p85
      end
      do
        local p87 = Instance.new("Pose")
        p87.Name = "Right Arm"
        p87.CFrame = CFrame.new(0.11294904351234436, -0.2451162040233612, -0.06814944744110107, -0.478887140750885, -0.872153103351593, 0.10006868839263916, 0.824821949005127, -0.40798673033714294, 0.39142683148384094, -0.3005569577217102, 0.2699878215789795, 0.9147520065307617)
        p87.Parent = p85
      end
      do
        local p88 = Instance.new("Pose")
        p88.Name = "Left Arm"
        p88.CFrame = CFrame.new(-1.1537742614746094, 0.1173747181892395, 0.12955576181411743, -0.6749551892280579, 0.5441271662712097, 0.49835607409477234, -0.6794499754905701, -0.7217082381248474, -0.13223031163215637, 0.2877180874347687, -0.42785757780075073, 0.8568289279937744)
        p88.Parent = p85
      end
    end
  end
end

do
  local k = Instance.new("Keyframe")
  k.Time = 0.9833333492279053
  k.Parent = KeyframeSequence
  do
    local p89 = Instance.new("Pose")
    p89.Name = "HumanoidRootPart"
    p89.CFrame = CFrame.new(0, 0, 0, 1, 0, 0, 0, 1, 0, 0, 0, 1)
    p89.Parent = k
    do
      local p90 = Instance.new("Pose")
      p90.Name = "Torso"
      p90.CFrame = CFrame.new(0, 0, 0, 0.6426771879196167, -0.7373163104057312, 0.20816010236740112, 0.6799963116645813, 0.4237915277481079, -0.598335862159729, 0.3529462218284607, 0.526084840297699, 0.7737334370613098)
      p90.Parent = p89
      do
        local p91 = Instance.new("Pose")
        p91.Name = "Head"
        p91.CFrame = CFrame.new(2.905726432800293e-07, -8.940696716308594e-08, -0.0000012218952178955078, 0.7754321694374084, 0.6131068468093872, 0.15101388096809387, -0.621445894241333, 0.6986588835716248, 0.35451456904411316, 0.1118481382727623, -0.36874887347221375, 0.922775149345398)
        p91.Parent = p90
      end
      do
        local p92 = Instance.new("Pose")
        p92.Name = "Right Arm"
        p92.CFrame = CFrame.new(0.6391439437866211, 0.7487968802452087, 0.36307448148727417, -0.6023463606834412, -0.4659392535686493, -0.6481326818466187, 0.6745917201042175, -0.731209933757782, -0.1012740507721901, -0.42673274874687195, -0.498229444026947, 0.7547621130943298)
        p92.Parent = p90
      end
      do
        local p93 = Instance.new("Pose")
        p93.Name = "Left Arm"
        p93.CFrame = CFrame.new(-0.37348854541778564, -0.5142093896865845, 0.03816799446940422, -0.29299092292785645, 0.7022172212600708, -0.6488803625106812, -0.9546620845794678, -0.17746354639530182, 0.23901104927062988, 0.05268597602844238, 0.6894904971122742, 0.722375750541687)
        p93.Parent = p90
      end
    end
  end
end

do
  local k = Instance.new("Keyframe")
  k.Time = 1.0333333015441895
  k.Parent = KeyframeSequence
  do
    local p94 = Instance.new("Pose")
    p94.Name = "HumanoidRootPart"
    p94.CFrame = CFrame.new(0, 0, 0, 1, 0, 0, 0, 1, 0, 0, 0, 1)
    p94.Parent = k
    do
      local p95 = Instance.new("Pose")
      p95.Name = "Torso"
      p95.CFrame = CFrame.new(0, 0, 0, 0.5758112072944641, -0.7906395196914673, 0.20816010236740112, 0.714417576789856, 0.36276957392692566, -0.598335862159729, 0.3975537121295929, 0.49324163794517517, 0.7737334370613098)
      p95.Parent = p94
      do
        local p96 = Instance.new("Pose")
        p96.Name = "Head"
        p96.CFrame = CFrame.new(2.980232238769531e-07, -8.940696716308594e-08, -0.0000012516975402832031, 0.737734854221344, 0.6579835414886475, 0.15101388096809387, -0.6617581248283386, 0.660602331161499, 0.35451456904411316, 0.13350465893745422, -0.36147233843803406, 0.922775149345398)
        p96.Parent = p95
      end
      do
        local p97 = Instance.new("Pose")
        p97.Name = "Right Arm"
        p97.CFrame = CFrame.new(0.6391438841819763, 0.7487970590591431, 0.3630744218826294, -0.5640544295310974, -0.5116279125213623, -0.6481326818466187, 0.729720950126648, -0.676202118396759, -0.1012740507721901, -0.38645312190055847, -0.5300824642181396, 0.7547621130943298)
        p97.Parent = p95
      end
      do
        local p98 = Instance.new("Pose")
        p98.Name = "Left Arm"
        p98.CFrame = CFrame.new(-0.3036597967147827, -0.6293774843215942, 0.17567983269691467, -0.2929908037185669, 0.702217161655426, -0.6488804221153259, -0.9546619057655334, -0.17746368050575256, 0.2390110194683075, 0.052686113864183426, 0.6894903779029846, 0.722375750541687)
        p98.Parent = p95
      end
    end
  end
end

do
  local k = Instance.new("Keyframe")
  k.Time = 1.0833333730697632
  k.Parent = KeyframeSequence
  do
    local p99 = Instance.new("Pose")
    p99.Name = "HumanoidRootPart"
    p99.CFrame = CFrame.new(0, 0, 0, 1, 0, 0, 0, 1, 0, 0, 0, 1)
    p99.Parent = k
    do
      local p100 = Instance.new("Pose")
      p100.Name = "Torso"
      p100.CFrame = CFrame.new(0, 0, 0, 0.8524923920631409, 0.4788409471511841, -0.2096855342388153, -0.5210360288619995, 0.745999276638031, -0.41473692655563354, -0.042167797684669495, 0.46281367540359497, 0.8854519128799438)
      p100.Parent = p99
      do
        local p101 = Instance.new("Pose")
        p101.Name = "Head"
        p101.CFrame = CFrame.new(2.0489096641540527e-07, -4.470348358154297e-08, -8.940696716308594e-07, 0.8582944869995117, -0.5117770433425903, -0.03761914372444153, 0.5125568509101868, 0.8514359593391418, 0.11109498143196106, -0.02482553757727146, -0.11463416367769241, 0.9930974245071411)
        p101.Parent = p100
      end
      do
        local p102 = Instance.new("Pose")
        p102.Name = "Right Arm"
        p102.CFrame = CFrame.new(0.3061096668243408, -0.15912044048309326, -0.21901094913482666, -0.719970703125, -0.6923840045928955, -0.047373801469802856, 0.6312620043754578, -0.6817166209220886, 0.36982461810112, -0.28835588693618774, 0.23635688424110413, 0.9278928637504578)
        p102.Parent = p100
      end
      do
        local p103 = Instance.new("Pose")
        p103.Name = "Left Arm"
        p103.CFrame = CFrame.new(-1.0641611814498901, 0.048985496163368225, 0.21654081344604492, -0.415470689535141, 0.725920557975769, 0.5481085181236267, -0.9010792374610901, -0.41077712178230286, -0.13898849487304688, 0.12425614893436432, -0.5516346096992493, 0.824778139591217)
        p103.Parent = p100
      end
    end
  end
end

do
  local k = Instance.new("Keyframe")
  k.Time = 1.1333333253860474
  k.Parent = KeyframeSequence
  do
    local p104 = Instance.new("Pose")
    p104.Name = "HumanoidRootPart"
    p104.CFrame = CFrame.new(0, 0, 0, 1, 0, 0, 0, 1, 0, 0, 0, 1)
    p104.Parent = k
    do
      local p105 = Instance.new("Pose")
      p105.Name = "Torso"
      p105.CFrame = CFrame.new(0, 0, 0, 0.8112746477127075, 0.5643585920333862, -0.1527506709098816, -0.5808247327804565, 0.7480571866035461, -0.32101869583129883, -0.06690345704555511, 0.3491555452346802, 0.9346732497215271)
      p105.Parent = p104
      do
        local p106 = Instance.new("Pose")
        p106.Name = "Head"
        p106.CFrame = CFrame.new(2.5331974029541016e-07, -3.725290298461914e-08, -0.0000011920928955078125, 0.8259812593460083, -0.5588371753692627, 0.07386630773544312, 0.5567969083786011, 0.8292756080627441, 0.04773826152086258, -0.08793341368436813, 0.0016976105980575085, 0.996124804019928)
        p106.Parent = p105
      end
      do
        local p107 = Instance.new("Pose")
        p107.Name = "Right Arm"
        p107.CFrame = CFrame.new(0.11294904351234436, -0.2451162040233612, -0.06814944744110107, -0.478887140750885, -0.872153103351593, 0.10006868839263916, 0.824821949005127, -0.40798673033714294, 0.39142683148384094, -0.3005569577217102, 0.2699878215789795, 0.9147520065307617)
        p107.Parent = p105
      end
      do
        local p108 = Instance.new("Pose")
        p108.Name = "Left Arm"
        p108.CFrame = CFrame.new(-1.1537742614746094, 0.1173747181892395, 0.12955576181411743, -0.6749551892280579, 0.5441271662712097, 0.49835607409477234, -0.6794499754905701, -0.7217082381248474, -0.13223031163215637, 0.2877180874347687, -0.42785757780075073, 0.8568289279937744)
        p108.Parent = p105
      end
    end
  end
end

do
  local k = Instance.new("Keyframe")
  k.Time = 1.2000000476837158
  k.Parent = KeyframeSequence
  do
    local p109 = Instance.new("Pose")
    p109.Name = "HumanoidRootPart"
    p109.CFrame = CFrame.new(0, 0, 0, 1, 0, 0, 0, 1, 0, 0, 0, 1)
    p109.Parent = k
    do
      local p110 = Instance.new("Pose")
      p110.Name = "Torso"
      p110.CFrame = CFrame.new(0, 0, 0, 0.6426771879196167, -0.7373163104057312, 0.20816010236740112, 0.6799963116645813, 0.4237915277481079, -0.598335862159729, 0.3529462218284607, 0.526084840297699, 0.7737334370613098)
      p110.Parent = p109
      do
        local p111 = Instance.new("Pose")
        p111.Name = "Head"
        p111.CFrame = CFrame.new(2.905726432800293e-07, -8.940696716308594e-08, -0.0000012218952178955078, 0.7754321694374084, 0.6131068468093872, 0.15101388096809387, -0.621445894241333, 0.6986588835716248, 0.35451456904411316, 0.1118481382727623, -0.36874887347221375, 0.922775149345398)
        p111.Parent = p110
      end
      do
        local p112 = Instance.new("Pose")
        p112.Name = "Right Arm"
        p112.CFrame = CFrame.new(0.6391439437866211, 0.7487968802452087, 0.36307448148727417, -0.6023463606834412, -0.4659392535686493, -0.6481326818466187, 0.6745917201042175, -0.731209933757782, -0.1012740507721901, -0.42673274874687195, -0.498229444026947, 0.7547621130943298)
        p112.Parent = p110
      end
      do
        local p113 = Instance.new("Pose")
        p113.Name = "Left Arm"
        p113.CFrame = CFrame.new(-0.37348854541778564, -0.5142093896865845, 0.03816799446940422, -0.29299092292785645, 0.7022172212600708, -0.6488803625106812, -0.9546620845794678, -0.17746354639530182, 0.23901104927062988, 0.05268597602844238, 0.6894904971122742, 0.722375750541687)
        p113.Parent = p110
      end
    end
  end
end

do
  local k = Instance.new("Keyframe")
  k.Time = 1.25
  k.Parent = KeyframeSequence
  do
    local p114 = Instance.new("Pose")
    p114.Name = "HumanoidRootPart"
    p114.CFrame = CFrame.new(0, 0, 0, 1, 0, 0, 0, 1, 0, 0, 0, 1)
    p114.Parent = k
    do
      local p115 = Instance.new("Pose")
      p115.Name = "Torso"
