local KeyframeSequence = Instance.new("KeyframeSequence")
KeyframeSequence.Name = "Imported Animation Clip"

do
  local k = Instance.new("Keyframe")
  k.Time = 0
  k.Parent = KeyframeSequence
  do
    local p1 = Instance.new("Pose")
    p1.Name = "HumanoidRootPart"
    p1.CFrame = CFrame.new(0, 0, 0, 1, 0, 0, 0, 1, 0, 0, 0, 1)
    p1.Parent = k
    do
      local p2 = Instance.new("Pose")
      p2.Name = "Torso"
      p2.CFrame = CFrame.new(0, 0, 0, 0.27344340085983276, 0.9618881344795227, 0, -0.9618881344795227, 0.27344340085983276, 0, 0, 0, 1)
      p2.Parent = p1
      do
        local p3 = Instance.new("Pose")
        p3.Name = "Head"
        p3.CFrame = CFrame.new(0, 0, 0, 0.5820162892341614, -0.8131771087646484, 0, 0.8131771087646484, 0.5820162892341614, 0, 0, 0, 1)
        p3.Parent = p2
      end
      do
        local p4 = Instance.new("Pose")
        p4.Name = "Right Arm"
        p4.CFrame = CFrame.new(0, 2.7939677238464355e-09, 0, 0.08478180319070816, -0.5719348192214966, -0.8159059882164001, 0.9963995218276978, 0.0486648827791214, 0.06942394375801086, 0, -0.8188542723655701, 0.5740014910697937)
        p4.Parent = p2
      end
      do
        local p5 = Instance.new("Pose")
        p5.Name = "Left Arm"
        p5.CFrame = CFrame.new(-0.11444991827011108, -0.36056891083717346, 0, -0.30253973603248596, 0.9531368017196655, 0, -0.9531368017196655, -0.30253973603248596, -0, 0, 0, 1)
        p5.Parent = p2
      end
    end
  end
end

do
  local k = Instance.new("Keyframe")
  k.Time = 0.07666666805744171
  k.Parent = KeyframeSequence
  do
    local p6 = Instance.new("Pose")
    p6.Name = "HumanoidRootPart"
    p6.CFrame = CFrame.new(0, 0, 0, 1, 0, 0, 0, 1, 0, 0, 0, 1)
    p6.Parent = k
    do
      local p7 = Instance.new("Pose")
      p7.Name = "Torso"
      p7.CFrame = CFrame.new(0, 0, 0, 0.05911514163017273, 0.9979485869407654, 0.024579277262091637, -0.99825119972229, 0.05909721925854683, 0.001455552875995636, 0, -0.02462233603000641, 0.9996968507766724)
      p7.Parent = p6
      do
        local p8 = Instance.new("Pose")
        p8.Name = "Head"
        p8.CFrame = CFrame.new(-7.450580596923828e-09, 3.725290298461914e-09, -5.960464477539063e-08, 0.5820162892341614, -0.8097667694091797, 0.07439597696065903, 0.8131771087646484, 0.5795754194259644, -0.05324753001332283, 0, 0.09148804098367691, 0.9958061575889587)
        p8.Parent = p7
      end
      do
        local p9 = Instance.new("Pose")
        p9.Name = "Right Arm"
        p9.CFrame = CFrame.new(5.960464477539063e-08, -7.450580596923828e-09, 1.1920928955078125e-07, 0.12166546285152435, -0.5652387738227844, -0.8159059882164001, 0.9911518096923828, 0.1131301298737526, 0.06942394375801086, 0.05306244641542435, -0.8171332478523254, 0.5740014910697937)
        p9.Parent = p7
      end
      do
        local p10 = Instance.new("Pose")
        p10.Name = "Left Arm"
        p10.CFrame = CFrame.new(-0.11444997787475586, -0.36056891083717346, 0, -0.3934825360774994, 0.9193321466445923, 0, -0.9193321466445923, -0.3934825360774994, -0, 0, 0, 1)
        p10.Parent = p7
      end
    end
  end
end

do
  local k = Instance.new("Keyframe")
  k.Time = 0.17666666209697723
  k.Parent = KeyframeSequence
  do
    local p11 = Instance.new("Pose")
    p11.Name = "HumanoidRootPart"
    p11.CFrame = CFrame.new(0, 0, 0, 1, 0, 0, 0, 1, 0, 0, 0, 1)
    p11.Parent = k
    do
      local p12 = Instance.new("Pose")
      p12.Name = "Torso"
      p12.CFrame = CFrame.new(0, 0, 0, 0.178340882062912, 0.9836617708206177, 0.024579277262091637, -0.9839643836021423, 0.17835935950279236, 0.001455552875995636, -0.002952172188088298, -0.024444714188575745, 0.9996968507766724)
      p12.Parent = p11
      do
        local p13 = Instance.new("Pose")
        p13.Name = "Head"
        p13.CFrame = CFrame.new(-3.725290298461914e-09, 3.725290298461914e-09, 0, 0.5820162892341614, -0.8119484186172485, 0.04468540847301483, 0.8131771087646484, 0.5811368823051453, -0.03198274224996567, 0, 0.05495163053274155, 0.9984890222549438)
        p13.Parent = p12
      end
      do
        local p14 = Instance.new("Pose")
        p14.Name = "Right Arm"
        p14.CFrame = CFrame.new(5.960464477539063e-08, -3.725290298461914e-09, 1.1920928955078125e-07, 0.12166546285152435, -0.5068463683128357, -0.8534073829650879, 0.9911518096923828, 0.108002670109272, 0.07715914398431778, 0.05306244641542435, -0.855243980884552, 0.5155019164085388)
        p14.Parent = p12
      end
      do
        local p15 = Instance.new("Pose")
        p15.Name = "Left Arm"
        p15.CFrame = CFrame.new(-0.11444982886314392, -0.3605688810348511, 0, -0.32911646366119385, 0.9442893862724304, 0, -0.9442893862724304, -0.32911646366119385, -0, 0, 0, 1)
        p15.Parent = p12
      end
    end
  end
end

do
  local k = Instance.new("Keyframe")
  k.Time = 0.23666666448116302
  k.Parent = KeyframeSequence
  do
    local p16 = Instance.new("Pose")
    p16.Name = "HumanoidRootPart"
    p16.CFrame = CFrame.new(0, 0, 0, 1, 0, 0, 0, 1, 0, 0, 0, 1)
    p16.Parent = k
    do
      local p17 = Instance.new("Pose")
      p17.Name = "Torso"
      p17.CFrame = CFrame.new(0, 0, 0, -0.04572099447250366, -0.9619758129119873, 0.26928070187568665, 0.9906514883041382, -0.07834497094154358, -0.11167672276496887, 0.12852707505226135, 0.26165732741355896, 0.9565647840499878)
      p17.Parent = p16
      do
        local p18 = Instance.new("Pose")
        p18.Name = "Head"
        p18.CFrame = CFrame.new(0, 0, 0, 0.8022211194038391, 0.5953524708747864, 0.04468540847301483, -0.5944935083389282, 0.8034641146659851, -0.03198274224996567, -0.05494413152337074, -0.0009079533047042787, 0.9984890222549438)
        p18.Parent = p17
      end
      do
        local p19 = Instance.new("Pose")
        p19.Name = "Right Arm"
        p19.CFrame = CFrame.new(0.531284511089325, -0.005664743483066559, 0.6280549764633179, -0.15154677629470825, -0.008403301239013672, -0.9884142875671387, 0.9861525893211365, -0.06942516565322876, -0.15060974657535553, -0.06735523045063019, -0.9975517988204956, 0.018808066844940186)
        p19.Parent = p17
      end
      do
        local p20 = Instance.new("Pose")
        p20.Name = "Left Arm"
        p20.CFrame = CFrame.new(-0.11444994807243347, -0.3605688810348511, -5.960464477539063e-08, -0.32911646366119385, 0.9345906376838684, 0.13499166071414948, -0.9442893862724304, -0.3257361352443695, -0.04704911634325981, 0, -0.14295582473278046, 0.9897290468215942)
        p20.Parent = p17
      end
    end
  end
end

do
  local k = Instance.new("Keyframe")
  k.Time = 0.28999999165534973
  k.Parent = KeyframeSequence
  do
    local p21 = Instance.new("Pose")
    p21.Name = "HumanoidRootPart"
    p21.CFrame = CFrame.new(0, 0, 0, 1, 0, 0, 0, 1, 0, 0, 0, 1)
    p21.Parent = k
    do
      local p22 = Instance.new("Pose")
      p22.Name = "Torso"
      p22.CFrame = CFrame.new(0, 0, 0, -0.18037840723991394, -0.9565792083740234, 0.22895394265651703, 0.9741386771202087, -0.20594032108783722, -0.09296467155218124, 0.13607889413833618, 0.20626404881477356, 0.9689878821372986)
      p22.Parent = p21
      do
        local p23 = Instance.new("Pose")
        p23.Name = "Head"
        p23.CFrame = CFrame.new(3.725290298461914e-09, -1.862645149230957e-09, 0, 0.7808632850646973, 0.6231018304824829, 0.04468540847301483, -0.6222869753837585, 0.7821356058120728, -0.03198274224996567, -0.05487855523824692, -0.0028329978231340647, 0.9984890222549438)
        p23.Parent = p22
      end
      do
        local p24 = Instance.new("Pose")
        p24.Name = "Right Arm"
        p24.CFrame = CFrame.new(0.7003004550933838, -0.004755713045597076, 0.2610822916030884, -0.15154677629470825, -0.8287147283554077, -0.5387627482414246, 0.9861525893211365, -0.16390271484851837, -0.025279466062784195, -0.06735523045063019, -0.5351333618164062, 0.8420781493186951)
        p24.Parent = p22
      end
      do
        local p25 = Instance.new("Pose")
        p25.Name = "Left Arm"
        p25.CFrame = CFrame.new(-0.11445000767707825, -0.36056891083717346, 0, -0.2847590446472168, 0.9490466713905334, 0.13499166071414948, -0.9585755467414856, -0.2809259295463562, -0.04704911634325981, -0.006729148328304291, -0.14279736578464508, 0.9897290468215942)
        p25.Parent = p22
      end
    end
  end
end

do
  local k = Instance.new("Keyframe")
  k.Time = 0.3499999940395355
  k.Parent = KeyframeSequence
  do
    local p26 = Instance.new("Pose")
    p26.Name = "HumanoidRootPart"
    p26.CFrame = CFrame.new(0, 0, 0, 1, 0, 0, 0, 1, 0, 0, 0, 1)
    p26.Parent = k
    do
      local p27 = Instance.new("Pose")
      p27.Name = "Torso"
      p27.CFrame = CFrame.new(0, 0, 0, -0.06700881570577621, -0.9698699712753296, 0.23422662913799286, 0.9906702041625977, -0.09259489923715591, -0.09999431669712067, 0.11866967380046844, 0.2253407984972, 0.9670257568359375)
      p27.Parent = p26
      do
        local p28 = Instance.new("Pose")
        p28.Name = "Head"
        p28.CFrame = CFrame.new(9.313225746154785e-09, -1.862645149230957e-09, 0, 0.7267052531242371, 0.6854946613311768, 0.04468540847301483, -0.6847876310348511, 0.7280405163764954, -0.03198274224996567, -0.05445678532123566, -0.0073579903692007065, 0.9984890222549438)
        p28.Parent = p27
      end
      do
        local p29 = Instance.new("Pose")
        p29.Name = "Right Arm"
        p29.CFrame = CFrame.new(0.7003006935119629, -0.004755668342113495, 0.26108241081237793, -0.15154677629470825, -0.8613731265068054, -0.48483991622924805, 0.9861525893211365, -0.16518081724643707, -0.014779948629438877, -0.06735523045063019, -0.4803660809993744, 0.8744779825210571)
        p29.Parent = p27
      end
      do
        local p30 = Instance.new("Pose")
        p30.Name = "Left Arm"
        p30.CFrame = CFrame.new(-0.11445009708404541, -0.36056894063949585, -5.960464477539063e-08, -0.2847590446472168, 0.9533331394195557, 0.10034096986055374, -0.9585755467414856, -0.2824529707431793, -0.03678751364350319, -0.006729148328304291, -0.10665998607873917, 0.994272768497467)
        p30.Parent = p27
      end
    end
  end
end

do
  local k = Instance.new("Keyframe")
  k.Time = 0.42124998569488525
  k.Parent = KeyframeSequence
  do
    local p31 = Instance.new("Pose")
    p31.Name = "HumanoidRootPart"
    p31.CFrame = CFrame.new(0, 0, 0, 1, 0, 0, 0, 1, 0, 0, 0, 1)
    p31.Parent = k
    do
      local p32 = Instance.new("Pose")
      p32.Name = "Torso"
      p32.CFrame = CFrame.new(0, 0, 0, -0.06413689255714417, -0.9711753726005554, 0.22957563400268555, 0.9911801815032959, -0.0887269377708435, -0.09843423962593079, 0.11596642434597015, 0.22123749554157257, 0.9683002829551697)
      p32.Parent = p31
      do
        local p33 = Instance.new("Pose")
        p33.Name = "Head"
        p33.CFrame = CFrame.new(0, 0, 0, 0.7267052531242371, 0.686511218547821, 0.024536289274692535, -0.6847876310348511, 0.7267873883247375, -0.053348176181316376, -0.05445678532123566, 0.021966245025396347, 0.9982745051383972)
        p33.Parent = p32
      end
      do
        local p34 = Instance.new("Pose")
        p34.Name = "Right Arm"
        p34.CFrame = CFrame.new(0.7003005743026733, -0.004755731672048569, 0.26108241081237793, -0.12304659932851791, -0.865903913974762, -0.48483991622924805, 0.991065263748169, -0.13255660235881805, -0.014779948629438877, -0.051470741629600525, -0.4823267161846161, 0.8744779825210571)
        p34.Parent = p32
      end
      do
        local p35 = Instance.new("Pose")
        p35.Name = "Left Arm"
        p35.CFrame = CFrame.new(-0.11445018649101257, -0.3605688214302063, 5.960464477539063e-08, -0.3090697228908539, 0.9457313418388367, 0.10034096986055374, -0.9510310292243958, -0.3068985939025879, -0.03678751364350319, -0.003996597602963448, -0.10679729282855988, 0.994272768497467)
        p35.Parent = p32
      end
    end
  end
end

do
  local k = Instance.new("Keyframe")
  k.Time = 0.4333333373069763
  k.Parent = KeyframeSequence
  do
    local p36 = Instance.new("Pose")
    p36.Name = "HumanoidRootPart"
    p36.CFrame = CFrame.new(0, 0, 0, 1, 0, 0, 0, 1, 0, 0, 0, 1)
    p36.Parent = k
    do
      local p37 = Instance.new("Pose")
      p37.Name = "Torso"
      p37.CFrame = CFrame.new(0, 0, 0, -0.06413689255714417, -0.9711753726005554, 0.22957563400268555, 0.9911801815032959, -0.0887269377708435, -0.09843423962593079, 0.11596642434597015, 0.22123749554157257, 0.9683002829551697)
      p37.Parent = p36
      do
        local p38 = Instance.new("Pose")
        p38.Name = "Head"
        p38.CFrame = CFrame.new(0, 0, 0, 0.7267052531242371, 0.686511218547821, 0.024536289274692535, -0.6847876310348511, 0.7267873883247375, -0.053348176181316376, -0.05445678532123566, 0.021966245025396347, 0.9982745051383972)
        p38.Parent = p37
      end
      do
        local p39 = Instance.new("Pose")
        p39.Name = "Right Arm"
        p39.CFrame = CFrame.new(0.7003005743026733, -0.004755731672048569, 0.26108241081237793, -0.12304659932851791, -0.865903913974762, -0.48483991622924805, 0.991065263748169, -0.13255660235881805, -0.014779948629438877, -0.051470741629600525, -0.4823267161846161, 0.8744779825210571)
        p39.Parent = p37
      end
      do
        local p40 = Instance.new("Pose")
        p40.Name = "Left Arm"
        p40.CFrame = CFrame.new(-0.11445018649101257, -0.3605688214302063, 5.960464477539063e-08, -0.3090697228908539, 0.9457313418388367, 0.10034096986055374, -0.9510310292243958, -0.3068985939025879, -0.03678751364350319, -0.003996597602963448, -0.10679729282855988, 0.994272768497467)
        p40.Parent = p37
      end
    end
  end
end

do
  local k = Instance.new("Keyframe")
  k.Time = 0.15791666507720947
  k.Parent = KeyframeSequence
end
return KeyframeSequence
