local KeyframeSequence = Instance.new("KeyframeSequence")
KeyframeSequence.Name = "Imported Animation Clip"

do
  local k = Instance.new("Keyframe")
  k.Time = 0
  k.Parent = KeyframeSequence
  do
    local p1 = Instance.new("Pose")
    p1.Name = "HumanoidRootPart"
    p1.CFrame = CFrame.new(0, 0, 0, 1, 0, 0, 0, 1, 0, 0, 0, 1)
    p1.Parent = k
    do
      local p2 = Instance.new("Pose")
      p2.Name = "Torso"
      p2.CFrame = CFrame.new(0, 0, 0, -0.6258296966552734, -0.7454074621200562, 0.22957563400268555, 0.7470067143440247, -0.6574889421463013, -0.09843423962593079, 0.2243170142173767, 0.10989144444465637, 0.9683002829551697)
      p2.Parent = p1
      do
        local p3 = Instance.new("Pose")
        p3.Name = "Head"
        p3.CFrame = CFrame.new(0, 0, 0, 0.21473732590675354, 0.9763636589050293, 0.024536289274692535, -0.9749847650527954, 0.21577462553977966, -0.053348176181316376, -0.0573815256357193, -0.01246667094528675, 0.9982745051383972)
        p3.Parent = p2
      end
      do
        local p4 = Instance.new("Pose")
        p4.Name = "Right Arm"
        p4.CFrame = CFrame.new(0.3317009210586548, -0.06544701755046844, -0.02634616196155548, -0.12304659932851791, -0.6109868884086609, 0.7820193767547607, 0.991065263748169, -0.03478368744254112, 0.12876254320144653, -0.051470741629600525, 0.7908760905265808, 0.6098079681396484)
        p4.Parent = p2
      end
      do
        local p5 = Instance.new("Pose")
        p5.Name = "Left Arm"
        p5.CFrame = CFrame.new(-0.11445003747940063, -0.3605688214302063, 4.842877388000488e-08, -0.3090697228908539, 0.6904968619346619, -0.6539802551269531, -0.9510310292243958, -0.22728610038757324, 0.20947816967964172, -0.003996597602963448, 0.6866987347602844, 0.726931095123291)
        p5.Parent = p2
      end
    end
  end
end

do
  local k = Instance.new("Keyframe")
  k.Time = 0.07000000029802322
  k.Parent = KeyframeSequence
  do
    local p6 = Instance.new("Pose")
    p6.Name = "HumanoidRootPart"
    p6.CFrame = CFrame.new(0, 0, 0, 1, 0, 0, 0, 1, 0, 0, 0, 1)
    p6.Parent = k
    do
      local p7 = Instance.new("Pose")
      p7.Name = "Torso"
      p7.CFrame = CFrame.new(0, 0, 0, -0.6917005777359009, -0.6929068565368652, 0.2035447508096695, 0.6951956152915955, -0.7151877880096436, -0.0721769705414772, 0.19558458030223846, 0.09157852828502655, 0.9764013886451721)
      p7.Parent = p6
      do
        local p8 = Instance.new("Pose")
        p8.Name = "Head"
        p8.CFrame = CFrame.new(-1.1641532182693481e-09, 0, 0, 0.21473732590675354, 0.9766515493392944, 0.00630800798535347, -0.9749847650527954, 0.2147412747144699, -0.05736635625362396, -0.0573815256357193, 0.006168477237224579, 0.9983332753181458)
        p8.Parent = p7
      end
      do
        local p9 = Instance.new("Pose")
        p9.Name = "Right Arm"
        p9.CFrame = CFrame.new(0.3317010998725891, -0.06544697284698486, -0.026346206665039062, -0.05454189330339432, -0.6208628416061401, 0.7820193767547607, 0.9888109564781189, 0.07531971484422684, 0.12876254320144653, -0.13884538412094116, 0.7802923917770386, 0.6098079681396484)
        p9.Parent = p7
      end
      do
        local p10 = Instance.new("Pose")
        p10.Name = "Left Arm"
        p10.CFrame = CFrame.new(-0.11445009708404541, -0.3605688810348511, 4.842877388000488e-08, -0.277980238199234, 0.7035886645317078, -0.6539802551269531, -0.9602179527282715, -0.18466335535049438, 0.20947816967964172, 0.026620276272296906, 0.6861942410469055, 0.726931095123291)
        p10.Parent = p7
      end
    end
  end
end

do
  local k = Instance.new("Keyframe")
  k.Time = 0.14666666090488434
  k.Parent = KeyframeSequence
  do
    local p11 = Instance.new("Pose")
    p11.Name = "HumanoidRootPart"
    p11.CFrame = CFrame.new(0, 0, 0, 1, 0, 0, 0, 1, 0, 0, 0, 1)
    p11.Parent = k
    do
      local p12 = Instance.new("Pose")
      p12.Name = "Torso"
      p12.CFrame = CFrame.new(0, 0, 0, -0.6847057342529297, -0.6931078433990479, 0.2253434956073761, 0.6918647289276123, -0.7153438329696655, -0.09801308065652847, 0.22913162410259247, 0.08879705518484116, 0.9693365693092346)
      p12.Parent = p11
      do
        local p13 = Instance.new("Pose")
        p13.Name = "Head"
        p13.CFrame = CFrame.new(-2.3283064365386963e-09, 1.862645149230957e-09, -2.9802322387695312e-08, 0.21473732590675354, 0.9766349196434021, -0.008497105911374092, -0.9749847650527954, 0.21384702622890472, -0.060614876449108124, -0.0573815256357193, 0.021300815045833588, 0.9981250166893005)
        p13.Parent = p12
      end
      do
        local p14 = Instance.new("Pose")
        p14.Name = "Right Arm"
        p14.CFrame = CFrame.new(0.3317009210586548, -0.06544704735279083, -0.026346355676651, -0.07854078710079193, -0.6182854175567627, 0.7820193767547607, 0.9909858703613281, 0.036976490169763565, 0.12876254320144653, -0.10852836072444916, 0.7850833535194397, 0.6098079681396484)
        p14.Parent = p12
      end
      do
        local p15 = Instance.new("Pose")
        p15.Name = "Left Arm"
        p15.CFrame = CFrame.new(-0.11445015668869019, -0.3605688810348511, 1.4901161193847656e-08, -0.277980238199234, 0.715344250202179, -0.6411004662513733, -0.9602179527282715, -0.18843550980091095, 0.2060915231704712, 0.026620276272296906, 0.6728854179382324, 0.7392675876617432)
        p15.Parent = p12
      end
    end
  end
end

do
  local k = Instance.new("Keyframe")
  k.Time = 0.1899999976158142
  k.Parent = KeyframeSequence
  do
    local p16 = Instance.new("Pose")
    p16.Name = "HumanoidRootPart"
    p16.CFrame = CFrame.new(0, 0, 0, 1, 0, 0, 0, 1, 0, 0, 0, 1)
    p16.Parent = k
    do
      local p17 = Instance.new("Pose")
      p17.Name = "Torso"
      p17.CFrame = CFrame.new(0, 0, 0, 0.27506381273269653, -0.9534500241279602, 0.12358430027961731, 0.9598063230514526, 0.264864057302475, -0.09283819049596786, 0.055783528834581375, 0.14415337145328522, 0.9879816174507141)
      p17.Parent = p16
      do
        local p18 = Instance.new("Pose")
        p18.Name = "Head"
        p18.CFrame = CFrame.new(-1.4901161193847656e-08, 9.313225746154785e-09, -1.1920928955078125e-07, 0.3961194157600403, 0.9176767468452454, -0.030964486300945282, -0.9167933464050293, 0.39715319871902466, 0.04194182902574539, 0.05078667402267456, 0.011774057522416115, 0.9986400604248047)
        p18.Parent = p17
      end
      do
        local p19 = Instance.new("Pose")
        p19.Name = "Right Arm"
        p19.CFrame = CFrame.new(0.14660394191741943, 0.05103960633277893, 1.1712602376937866, -0.07854078710079193, -0.15204128623008728, 0.9852485656738281, 0.9909858703613281, 0.09568384289741516, 0.09376382827758789, -0.10852836072444916, 0.983731746673584, 0.14315563440322876)
        p19.Parent = p17
      end
      do
        local p20 = Instance.new("Pose")
        p20.Name = "Left Arm"
        p20.CFrame = CFrame.new(-0.523765504360199, -0.26694852113723755, -0.8972688913345337, -0.277980238199234, 0.41317689418792725, -0.8671863079071045, -0.9602179527282715, -0.09450366348028183, 0.2627750337123871, 0.026620276272296906, 0.9057339429855347, 0.4230099320411682)
        p20.Parent = p17
      end
    end
  end
end

do
  local k = Instance.new("Keyframe")
  k.Time = 0.30000001192092896
  k.Parent = KeyframeSequence
  do
    local p21 = Instance.new("Pose")
    p21.Name = "HumanoidRootPart"
    p21.CFrame = CFrame.new(0, 0, 0, 1, 0, 0, 0, 1, 0, 0, 0, 1)
    p21.Parent = k
    do
      local p22 = Instance.new("Pose")
      p22.Name = "Torso"
      p22.CFrame = CFrame.new(0, 0, 0, 0.13342994451522827, -0.9826405048370361, 0.12889620661735535, 0.9910542368888855, 0.13267149031162262, -0.01449140440672636, -0.0028609950095415115, 0.12967664003372192, 0.9915520548820496)
      p22.Parent = p21
      do
        local p23 = Instance.new("Pose")
        p23.Name = "Head"
        p23.CFrame = CFrame.new(-2.0954757928848267e-08, 5.587935447692871e-09, -2.384185791015625e-07, 0.3961194157600403, 0.9181424975395203, -0.010184979066252708, -0.9167933464050293, 0.39610207080841064, 0.050920628011226654, 0.05078667402267456, -0.01083313301205635, 0.9986506700515747)
        p23.Parent = p22
      end
      do
        local p24 = Instance.new("Pose")
        p24.Name = "Right Arm"
        p24.CFrame = CFrame.new(0.24627840518951416, 0.044987425208091736, 0.7587518692016602, -0.08946076035499573, -0.3069034814834595, 0.947526752948761, 0.9953315854072571, 0.007047733291983604, 0.09625697880983353, -0.036219529807567596, 0.9517145752906799, 0.3048401474952698)
        p24.Parent = p22
      end
      do
        local p25 = Instance.new("Pose")
        p25.Name = "Left Arm"
        p25.CFrame = CFrame.new(-0.3887021541595459, -0.28031641244888306, -0.6120793223381042, -0.2551794648170471, 0.4276348948478699, -0.8671863079071045, -0.9639284014701843, -0.042325474321842194, 0.2627750337123871, 0.07566767930984497, 0.9029601216316223, 0.4230099320411682)
        p25.Parent = p22
      end
    end
  end
end

do
  local k = Instance.new("Keyframe")
  k.Time = 0.39125001430511475
  k.Parent = KeyframeSequence
  do
    local p26 = Instance.new("Pose")
    p26.Name = "HumanoidRootPart"
    p26.CFrame = CFrame.new(0, 0, 0, 1, 0, 0, 0, 1, 0, 0, 0, 1)
    p26.Parent = k
    do
      local p27 = Instance.new("Pose")
      p27.Name = "Torso"
      p27.CFrame = CFrame.new(0, 0, 0, 0.13342994451522827, -0.9826405048370361, 0.12889620661735535, 0.9910542368888855, 0.13267149031162262, -0.01449140440672636, -0.0028609950095415115, 0.12967664003372192, 0.9915520548820496)
      p27.Parent = p26
      do
        local p28 = Instance.new("Pose")
        p28.Name = "Head"
        p28.CFrame = CFrame.new(-2.0954757928848267e-08, 5.587935447692871e-09, -2.384185791015625e-07, 0.3961194157600403, 0.9181424975395203, -0.010184979066252708, -0.9167933464050293, 0.39610207080841064, 0.050920628011226654, 0.05078667402267456, -0.01083313301205635, 0.9986506700515747)
        p28.Parent = p27
      end
      do
        local p29 = Instance.new("Pose")
        p29.Name = "Right Arm"
        p29.CFrame = CFrame.new(0.24627840518951416, 0.044987425208091736, 0.7587518692016602, -0.08946076035499573, -0.3069034814834595, 0.947526752948761, 0.9953315854072571, 0.007047733291983604, 0.09625697880983353, -0.036219529807567596, 0.9517145752906799, 0.3048401474952698)
        p29.Parent = p27
      end
      do
        local p30 = Instance.new("Pose")
        p30.Name = "Left Arm"
        p30.CFrame = CFrame.new(-0.3887021541595459, -0.28031641244888306, -0.6120793223381042, -0.2551794648170471, 0.4276348948478699, -0.8671863079071045, -0.9639284014701843, -0.042325474321842194, 0.2627750337123871, 0.07566767930984497, 0.9029601216316223, 0.4230099320411682)
        p30.Parent = p27
      end
    end
  end
end

do
  local k = Instance.new("Keyframe")
  k.Time = 0.41333332657814026
  k.Parent = KeyframeSequence
  do
    local p31 = Instance.new("Pose")
    p31.Name = "HumanoidRootPart"
    p31.CFrame = CFrame.new(0, 0, 0, 1, 0, 0, 0, 1, 0, 0, 0, 1)
    p31.Parent = k
    do
      local p32 = Instance.new("Pose")
      p32.Name = "Torso"
      p32.CFrame = CFrame.new(0, 0, 0, 0.13342994451522827, -0.9826405048370361, 0.12889620661735535, 0.9910542368888855, 0.13267149031162262, -0.01449140440672636, -0.0028609950095415115, 0.12967664003372192, 0.9915520548820496)
      p32.Parent = p31
      do
        local p33 = Instance.new("Pose")
        p33.Name = "Head"
        p33.CFrame = CFrame.new(-2.0954757928848267e-08, 5.587935447692871e-09, -2.384185791015625e-07, 0.3961194157600403, 0.9181424975395203, -0.010184979066252708, -0.9167933464050293, 0.39610207080841064, 0.050920628011226654, 0.05078667402267456, -0.01083313301205635, 0.9986506700515747)
        p33.Parent = p32
      end
      do
        local p34 = Instance.new("Pose")
        p34.Name = "Right Arm"
        p34.CFrame = CFrame.new(0.24627840518951416, 0.044987425208091736, 0.7587518692016602, -0.08946076035499573, -0.3069034814834595, 0.947526752948761, 0.9953315854072571, 0.007047733291983604, 0.09625697880983353, -0.036219529807567596, 0.9517145752906799, 0.3048401474952698)
        p34.Parent = p32
      end
      do
        local p35 = Instance.new("Pose")
        p35.Name = "Left Arm"
        p35.CFrame = CFrame.new(-0.3887021541595459, -0.28031641244888306, -0.6120793223381042, -0.2551794648170471, 0.4276348948478699, -0.8671863079071045, -0.9639284014701843, -0.042325474321842194, 0.2627750337123871, 0.07566767930984497, 0.9029601216316223, 0.4230099320411682)
        p35.Parent = p32
      end
    end
  end
end

do
  local k = Instance.new("Keyframe")
  k.Time = 0.23666666448116302
  k.Parent = KeyframeSequence
  do
    local p36 = Instance.new("Pose")
    p36.Name = "HumanoidRootPart"
    p36.CFrame = CFrame.new(0, 0, 0, 1, 0, 0, 0, 1, 0, 0, 0, 1)
    p36.Parent = k
    do
      local p37 = Instance.new("Pose")
      p37.Name = "Torso"
      p37.CFrame = CFrame.new(0, 0, 0, 0.1878671795129776, -0.9733636975288391, 0.13141220808029175, 0.9821174144744873, 0.18448638916015625, -0.037555478513240814, 0.012311391532421112, 0.1361175775527954, 0.9906160235404968)
      p37.Parent = p36
      do
        local p38 = Instance.new("Pose")
        p38.Name = "Right Arm"
        p38.CFrame = CFrame.new(0.17471611499786377, 0.046630825847387314, 0.9806691408157349, -0.08946076035499573, -0.1458834409713745, 0.9852485656738281, 0.9953315854072571, 0.022878415882587433, 0.09376382827758789, -0.036219529807567596, 0.9890372157096863, 0.14315563440322876)
        p38.Parent = p37
      end
      do
        local p39 = Instance.new("Pose")
        p39.Name = "Left Arm"
        p39.CFrame = CFrame.new(-0.5237655639648438, -0.2669484615325928, -0.8972687721252441, -0.2551794648170471, 0.4276348948478699, -0.8671863079071045, -0.9639284014701843, -0.042325474321842194, 0.2627750337123871, 0.07566767930984497, 0.9029601216316223, 0.4230099320411682)
        p39.Parent = p37
      end
    end
  end
end
return KeyframeSequence
