local KeyframeSequence = Instance.new("KeyframeSequence")
KeyframeSequence.Name = "Imported Animation Clip"

do
  local k = Instance.new("Keyframe")
  k.Time = 0
  k.Parent = KeyframeSequence
  do
    local p1 = Instance.new("Pose")
    p1.Name = "HumanoidRootPart"
    p1.CFrame = CFrame.new(0, 0, 0, 1, 0, 0, 0, 1, 0, 0, 0, 1)
    p1.Parent = k
    do
      local p2 = Instance.new("Pose")
      p2.Name = "Torso"
      p2.CFrame = CFrame.new(0, 0, 0, 0.09990440309047699, -0.9866129159927368, 0.12889620661735535, 0.9949959516525269, 0.0988599956035614, -0.01449140440672636, 0.001554741756990552, 0.12969887256622314, 0.9915520548820496)
      p2.Parent = p1
      do
        local p3 = Instance.new("Pose")
        p3.Name = "Left Leg"
        p3.CFrame = CFrame.new(0, 0, 0, 1, 0, 0, 0, 1, 0, 0, 0, 1)
        p3.Parent = p2
      end
      do
        local p4 = Instance.new("Pose")
        p4.Name = "Right Arm"
        p4.CFrame = CFrame.new(0.24627846479415894, 0.044987406581640244, 0.7587518692016602, -0.08946076035499573, -0.25443097949028015, 0.9629442095756531, 0.9953315854072571, 0.01232066284865141, 0.09572501480579376, -0.036219529807567596, 0.9670124650001526, 0.2521408796310425)
        p4.Parent = p2
      end
      do
        local p5 = Instance.new("Pose")
        p5.Name = "Head"
        p5.CFrame = CFrame.new(-1.6763806343078613e-08, 7.450580596923828e-09, -2.384185791015625e-07, 0.3961194157600403, 0.9174015522003174, -0.038257766515016556, -0.9167933464050293, 0.3974740207195282, 0.038783684372901917, 0.05078667402267456, 0.019711492583155632, 0.9985148906707764)
        p5.Parent = p2
      end
      do
        local p6 = Instance.new("Pose")
        p6.Name = "Left Arm"
        p6.CFrame = CFrame.new(-0.38870203495025635, -0.2803165018558502, -0.6120793223381042, -0.27217546105384827, 0.4276348948478699, -0.862002968788147, -0.9585770964622498, -0.042325474321842194, 0.2816711366176605, 0.08396768569946289, 0.9029601216316223, 0.42144089937210083)
        p6.Parent = p2
      end
      do
        local p7 = Instance.new("Pose")
        p7.Name = "Right Leg"
        p7.CFrame = CFrame.new(0, 0, 0, 1, 0, 0, 0, 1, 0, 0, 0, 1)
        p7.Parent = p2
      end
    end
  end
end

do
  local k = Instance.new("Keyframe")
  k.Time = 0.06333333253860474
  k.Parent = KeyframeSequence
  do
    local p8 = Instance.new("Pose")
    p8.Name = "HumanoidRootPart"
    p8.CFrame = CFrame.new(0, 0, 0, 1, 0, 0, 0, 1, 0, 0, 0, 1)
    p8.Parent = k
    do
      local p9 = Instance.new("Pose")
      p9.Name = "Torso"
      p9.CFrame = CFrame.new(0, 0, 0, -0.24432264268398285, -0.8373816609382629, 0.4889771342277527, 0.9685171246528625, -0.23556716740131378, 0.08051718771457672, 0.04776332154870033, 0.4932546019554138, 0.868572473526001)
      p9.Parent = p8
      do
        local p10 = Instance.new("Pose")
        p10.Name = "Left Leg"
        p10.CFrame = CFrame.new(0.24709779024124146, -0.27076268196105957, 0, 0.5793265104293823, -0.8150956034660339, 0, 0.8150956034660339, 0.5793265104293823, 0, 0, 0, 1)
        p10.Parent = p9
      end
      do
        local p11 = Instance.new("Pose")
        p11.Name = "Right Arm"
        p11.CFrame = CFrame.new(-0.1148558259010315, -0.29335933923721313, 0.19153261184692383, 0.4173091948032379, -0.8485102653503418, 0.3253970146179199, 0.8884210586547852, 0.45625677704811096, 0.05037608742713928, -0.19120927155017853, 0.26806724071502686, 0.9442346096038818)
        p11.Parent = p9
      end
      do
        local p12 = Instance.new("Pose")
        p12.Name = "Head"
        p12.CFrame = CFrame.new(-1.4901161193847656e-08, 1.4901161193847656e-08, -4.76837158203125e-07, 0.5442780256271362, 0.8369324803352356, -0.05749185383319855, -0.8369737863540649, 0.5463955998420715, 0.030438132584095, 0.056887950748205185, 0.03155236691236496, 0.9978817105293274)
        p12.Parent = p9
      end
      do
        local p13 = Instance.new("Pose")
        p13.Name = "Left Arm"
        p13.CFrame = CFrame.new(-0.6455147862434387, -0.17761465907096863, -0.27207326889038086, -0.27217546105384827, 0.7632850408554077, -0.5859322547912598, -0.9585770964622498, -0.16193892061710358, 0.2343200147151947, 0.08396768569946289, 0.6254372596740723, 0.7757432460784912)
        p13.Parent = p9
      end
      do
        local p14 = Instance.new("Pose")
        p14.Name = "Right Leg"
        p14.CFrame = CFrame.new(0, 0, 0, 0.9279345273971558, -0.37274324893951416, 0, 0.37274324893951416, 0.9279345273971558, 0, 0, 0, 1)
        p14.Parent = p9
      end
    end
  end
end

do
  local k = Instance.new("Keyframe")
  k.Time = 0.15000000596046448
  k.Parent = KeyframeSequence
  do
    local p15 = Instance.new("Pose")
    p15.Name = "HumanoidRootPart"
    p15.CFrame = CFrame.new(0, 0, 0, 1, 0, 0, 0, 1, 0, 0, 0, 1)
    p15.Parent = k
    do
      local p16 = Instance.new("Pose")
      p16.Name = "Torso"
      p16.CFrame = CFrame.new(0, 0, 0, -0.26433515548706055, -0.8178355097770691, 0.5111479163169861, 0.9625889658927917, -0.25646913051605225, 0.087443508207798, 0.05957923084497452, 0.5151394009590149, 0.8550328612327576)
      p16.Parent = p15
      do
        local p17 = Instance.new("Pose")
        p17.Name = "Left Leg"
        p17.CFrame = CFrame.new(0.25274908542633057, -0.2821820378303528, 0, 0.2884082794189453, -0.9575074911117554, 0, 0.9575074911117554, 0.2884082794189453, 0, 0, 0, 1)
        p17.Parent = p16
      end
      do
        local p18 = Instance.new("Pose")
        p18.Name = "Right Arm"
        p18.CFrame = CFrame.new(-0.1148558259010315, -0.2933592200279236, 0.19153261184692383, 0.3751099109649658, -0.8679914474487305, 0.3253970146179199, 0.9097678661346436, 0.41204923391342163, 0.05037608742713928, -0.17780564725399017, 0.277139276266098, 0.9442346096038818)
        p18.Parent = p16
      end
      do
        local p19 = Instance.new("Pose")
        p19.Name = "Head"
        p19.CFrame = CFrame.new(-1.862645149230957e-08, 1.6763806343078613e-08, -4.470348358154297e-07, 0.5442780256271362, 0.8350279331207275, -0.080558642745018, -0.8369737863540649, 0.5470273494720459, 0.015352996066212654, 0.056887950748205185, 0.05906917154788971, 0.9966315031051636)
        p19.Parent = p16
      end
      do
        local p20 = Instance.new("Pose")
        p20.Name = "Left Arm"
        p20.CFrame = CFrame.new(-0.6455148458480835, -0.1776145100593567, -0.2720732092857361, -0.24920417368412018, 0.7710906863212585, -0.5859322547912598, -0.962995171546936, -0.13317088782787323, 0.2343200147151947, 0.10265281796455383, 0.6226433515548706, 0.7757432460784912)
        p20.Parent = p16
      end
      do
        local p21 = Instance.new("Pose")
        p21.Name = "Right Leg"
        p21.CFrame = CFrame.new(5.960464477539063e-08, -1.1920928955078125e-07, 0, 0.9159923791885376, -0.40119579434394836, 0, 0.40119579434394836, 0.9159923791885376, 0, 0, 0, 1)
        p21.Parent = p16
      end
    end
  end
end

do
  local k = Instance.new("Keyframe")
  k.Time = 0.23666666448116302
  k.Parent = KeyframeSequence
  do
    local p22 = Instance.new("Pose")
    p22.Name = "HumanoidRootPart"
    p22.CFrame = CFrame.new(0, 0, 0, 1, 0, 0, 0, 1, 0, 0, 0, 1)
    p22.Parent = k
    do
      local p23 = Instance.new("Pose")
      p23.Name = "Torso"
      p23.CFrame = CFrame.new(0, 0, 0, -0.2801988124847412, -0.8125371932983398, 0.5111479163169861, 0.957416296005249, -0.27515095472335815, 0.087443508207798, 0.0695917010307312, 0.513882577419281, 0.8550328612327576)
      p23.Parent = p22
      do
        local p24 = Instance.new("Pose")
        p24.Name = "Left Leg"
        p24.CFrame = CFrame.new(0.25274908542633057, -0.282181978225708, 0, 0.32995885610580444, -0.9439952373504639, 0, 0.9439952373504639, 0.32995885610580444, 0, 0, 0, 1)
        p24.Parent = p23
      end
      do
        local p25 = Instance.new("Pose")
        p25.Name = "Right Arm"
        p25.CFrame = CFrame.new(-0.1148560643196106, -0.2933591604232788, 0.19153255224227905, 0.35923466086387634, -0.8746811151504517, 0.3253970146179199, 0.917123556137085, 0.3954067826271057, 0.05037608742713928, -0.17272722721099854, 0.2803325355052948, 0.9442346096038818)
        p25.Parent = p23
      end
      do
        local p26 = Instance.new("Pose")
        p26.Name = "Head"
        p26.CFrame = CFrame.new(-2.2351741790771484e-08, 2.1886080503463745e-08, -4.172325134277344e-07, 0.5442780256271362, 0.833794355392456, -0.09245660156011581, -0.8369737863540649, 0.5471906661987305, 0.007551712449640036, 0.056887950748205185, 0.07327351719141006, 0.9956879615783691)
        p26.Parent = p23
      end
      do
        local p27 = Instance.new("Pose")
        p27.Name = "Left Arm"
        p27.CFrame = CFrame.new(-0.6455148458480835, -0.1776145100593567, -0.27207326889038086, -0.23474356532096863, 0.7756152153015137, -0.5859322547912598, -0.9653167128562927, -0.11514253914356232, 0.2343200147151947, 0.11427640169858932, 0.6206152439117432, 0.7757432460784912)
        p27.Parent = p23
      end
      do
        local p28 = Instance.new("Pose")
        p28.Name = "Right Leg"
        p28.CFrame = CFrame.new(-2.9802322387695312e-08, 5.960464477539063e-08, 0, 0.9218465685844421, -0.38755500316619873, 0, 0.38755500316619873, 0.9218465685844421, 0, 0, 0, 1)
        p28.Parent = p23
      end
    end
  end
end

do
  local k = Instance.new("Keyframe")
  k.Time = 0.28999999165534973
  k.Parent = KeyframeSequence
  do
    local p29 = Instance.new("Pose")
    p29.Name = "HumanoidRootPart"
    p29.CFrame = CFrame.new(0, 0, 0, 1, 0, 0, 0, 1, 0, 0, 0, 1)
    p29.Parent = k
    do
      local p30 = Instance.new("Pose")
      p30.Name = "Torso"
      p30.CFrame = CFrame.new(0, 0, 0, 0.9210565090179443, 0.38265261054039, 0.07233347743749619, -0.3524211347103119, 0.7399928569793701, 0.5728963613510132, 0.16569378972053528, -0.5531614422798157, 0.816429615020752)
      p30.Parent = p29
      do
        local p31 = Instance.new("Pose")
        p31.Name = "Left Leg"
        p31.CFrame = CFrame.new(-1.2614156007766724, -0.07629099488258362, 0.3094955384731293, 0.3783831000328064, -0.9095055460929871, 0.17212162911891937, 0.9256491661071777, 0.37178027629852295, -0.07035928219556808, -6.854534149169922e-07, 0.18594568967819214, 0.982560932636261)
        p31.Parent = p30
      end
      do
        local p32 = Instance.new("Pose")
        p32.Name = "Right Arm"
        p32.CFrame = CFrame.new(-0.09169822931289673, -0.32316452264785767, 0.08143913745880127, 0.35923466086387634, -0.9117883443832397, -0.19897815585136414, 0.917123556137085, 0.30544939637184143, 0.2560955882072449, -0.17272722721099854, -0.2744859457015991, 0.9459507465362549)
        p32.Parent = p30
      end
      do
        local p33 = Instance.new("Pose")
        p33.Name = "Head"
        p33.CFrame = CFrame.new(6.28642737865448e-09, 1.1920928955078125e-07, -7.450580596923828e-07, 0.9762810468673706, -0.21647584438323975, 0.0036588162183761597, 0.19729658961296082, 0.8825721144676208, -0.4267788231372833, 0.08915813267230988, 0.4173779785633087, 0.9043484330177307)
        p33.Parent = p30
      end
      do
        local p34 = Instance.new("Pose")
        p34.Name = "Left Arm"
        p34.CFrame = CFrame.new(-0.23372799158096313, -0.056028977036476135, 0.002230241894721985, 0.20034389197826385, 0.785204291343689, -0.5859322547912598, -0.8856788277626038, 0.4008331298828125, 0.2343200147151947, 0.4188500940799713, 0.47200319170951843, 0.7757432460784912)
        p34.Parent = p30
      end
      do
        local p35 = Instance.new("Pose")
        p35.Name = "Right Leg"
        p35.CFrame = CFrame.new(1.7881393432617188e-07, 5.960464477539063e-08, 2.9802322387695312e-08, 0.8081246018409729, 0.5876165628433228, -0.040511954575777054, -0.5821981430053711, 0.8073163032531738, 0.09636259824037552, 0.08933022618293762, -0.05428700149059296, 0.9945214986801147)
        p35.Parent = p30
      end
    end
  end
end

do
  local k = Instance.new("Keyframe")
  k.Time = 0.3466666638851166
  k.Parent = KeyframeSequence
  do
    local p36 = Instance.new("Pose")
    p36.Name = "HumanoidRootPart"
    p36.CFrame = CFrame.new(0, 0, 0, 1, 0, 0, 0, 1, 0, 0, 0, 1)
    p36.Parent = k
    do
      local p37 = Instance.new("Pose")
      p37.Name = "Torso"
      p37.CFrame = CFrame.new(-2.384185791015625e-07, 0.0000020079314708709717, -0.09896577149629593, 0.8262749314308167, 0.514908492565155, 0.2283407300710678, -0.5584167242050171, 0.6957433819770813, 0.45178788900375366, 0.07376270741224289, -0.5008099675178528, 0.8624082207679749)
      p37.Parent = p36
      do
        local p38 = Instance.new("Pose")
        p38.Name = "Left Leg"
        p38.CFrame = CFrame.new(-1.1294198036193848, -0.10636407136917114, 0.44964924454689026, 0.557123064994812, -0.8123968839645386, 0.17212191224098206, 0.8295526504516602, 0.5539750456809998, -0.07035936415195465, -0.03819277882575989, 0.1819809228181839, 0.9825618267059326)
        p38.Parent = p37
      end
      do
        local p39 = Instance.new("Pose")
        p39.Name = "Right Arm"
        p39.CFrame = CFrame.new(-0.09169825911521912, -0.32316455245018005, 0.08143913745880127, 0.46533337235450745, -0.8624803423881531, -0.19897815585136414, 0.8741872310638428, 0.4125671982765198, 0.2560955882072449, -0.13878557085990906, -0.29311394691467285, 0.9459507465362549)
        p39.Parent = p37
      end
      do
        local p40 = Instance.new("Pose")
        p40.Name = "Head"
        p40.CFrame = CFrame.new(4.6566128730773926e-08, 2.086162567138672e-07, -7.748603820800781e-07, 0.9100069999694824, -0.41391462087631226, 0.02370391972362995, 0.3678398132324219, 0.7796908617019653, -0.5067304372787476, 0.1912614107131958, 0.46984750032424927, 0.8617784380912781)
        p40.Parent = p37
      end
      do
        local p41 = Instance.new("Pose")
        p41.Name = "Left Arm"
        p41.CFrame = CFrame.new(-0.23372846841812134, -0.056028902530670166, 0.002230331301689148, 0.3211497664451599, 0.7147167921066284, -0.6213235855102539, -0.9051807522773743, 0.4245333671569824, 0.020476683974266052, 0.2784075140953064, 0.5558339357376099, 0.7832866311073303)
        p41.Parent = p37
      end
      do
        local p42 = Instance.new("Pose")
        p42.Name = "Right Leg"
        p42.CFrame = CFrame.new(-0.03592047095298767, -0.06185942888259888, 0.0052893757820129395, 0.9047714471817017, 0.4121972918510437, -0.10715505480766296, -0.41879957914352417, 0.9068154096603394, -0.047877706587314606, 0.07743501663208008, 0.08819522708654404, 0.9930893182754517)
        p42.Parent = p37
      end
    end
  end
end

do
  local k = Instance.new("Keyframe")
  k.Time = 0.4233333468437195
  k.Parent = KeyframeSequence
  do
    local p43 = Instance.new("Pose")
    p43.Name = "HumanoidRootPart"
    p43.CFrame = CFrame.new(0, 0, 0, 1, 0, 0, 0, 1, 0, 0, 0, 1)
    p43.Parent = k
    do
      local p44 = Instance.new("Pose")
      p44.Name = "Torso"
      p44.CFrame = CFrame.new(-0.0000041406601667404175, 0.000013086944818496704, -0.09658567607402802, 0.9044666886329651, 0.39559710025787354, 0.15950945019721985, -0.42653578519821167, 0.8364254236221313, 0.34418025612831116, 0.002738840878009796, -0.37933585047721863, 0.9252547025680542)
      p44.Parent = p43
      do
        local p45 = Instance.new("Pose")
        p45.Name = "Left Leg"
        p45.CFrame = CFrame.new(-0.5665808916091919, -0.14308017492294312, 0.2857357859611511, 0.8386895060539246, -0.516694962978363, 0.1721227616071701, 0.5336509346961975, 0.8427727818489075, -0.07036210596561432, -0.10870462656021118, 0.15086542069911957, 0.9825593829154968)
        p45.Parent = p44
      end
      do
        local p46 = Instance.new("Pose")
        p46.Name = "Right Arm"
        p46.CFrame = CFrame.new(-0.09169825911521912, -0.3231644630432129, 0.08143919706344604, 0.2550252676010132, -0.946239709854126, -0.19897815585136414, 0.945527195930481, 0.20098070800304413, 0.2560955882072449, -0.20233705639839172, -0.25345006585121155, 0.9459507465362549)
        p46.Parent = p44
      end
      do
        local p47 = Instance.new("Pose")
        p47.Name = "Head"
        p47.CFrame = CFrame.new(2.1886080503463745e-08, 1.043081283569336e-07, -7.450580596923828e-07, 0.9247652888298035, -0.38042229413986206, -0.009380841627717018, 0.3386005461215973, 0.8338512182235718, -0.4359376132488251, 0.17366260290145874, 0.3999635875225067, 0.8999279141426086)
        p47.Parent = p44
      end
      do
        local p48 = Instance.new("Pose")
        p48.Name = "Left Arm"
        p48.CFrame = CFrame.new(-0.23372864723205566, -0.05602887272834778, 0.002230420708656311, 0.3501911163330078, 0.6855400204658508, -0.6382799744606018, -0.9012901186943054, 0.43215233087539673, -0.03034086525440216, 0.2550341784954071, 0.5859003663063049, 0.7692063450813293)
        p48.Parent = p44
      end
      do
        local p49 = Instance.new("Pose")
        p49.Name = "Right Leg"
        p49.CFrame = CFrame.new(0.06128469109535217, -0.08835017681121826, 0.013268649578094482, 0.9047737121582031, 0.421398401260376, -0.06173735857009888, -0.4188001751899719, 0.9066470265388489, 0.05092685669660568, 0.07743540406227112, -0.020219586789608, 0.9967949390411377)
        p49.Parent = p44
      end
    end
  end
end

do
  local k = Instance.new("Keyframe")
  k.Time = 0.4737499952316284
  k.Parent = KeyframeSequence
  do
    local p50 = Instance.new("Pose")
    p50.Name = "HumanoidRootPart"
    p50.CFrame = CFrame.new(0, 0, 0, 1, 0, 0, 0, 1, 0, 0, 0, 1)
    p50.Parent = k
    do
      local p51 = Instance.new("Pose")
      p51.Name = "Torso"
      p51.CFrame = CFrame.new(-0.00000413600355386734, 0.000013092532753944397, -0.09658566117286682, 0.9044666886329651, 0.4024740159511566, 0.1412622034549713, -0.42653578519821167, 0.8512819409370422, 0.30559220910072327, 0.002738840878009796, -0.33665117621421814, 0.9416251182556152)
      p51.Parent = p50
      do
        local p52 = Instance.new("Pose")
        p52.Name = "Left Leg"
        p52.CFrame = CFrame.new(-0.5665808320045471, -0.14308005571365356, 0.2857357859611511, 0.8527340292930603, -0.4931718111038208, 0.1721227616071701, 0.5100076794624329, 0.8572872281074524, -0.07036210596561432, -0.11285802721977234, 0.14778408408164978, 0.9825593829154968)
        p52.Parent = p51
      end
      do
        local p53 = Instance.new("Pose")
        p53.Name = "Right Arm"
        p53.CFrame = CFrame.new(-0.0916982889175415, -0.32316452264785767, 0.08143919706344604, 0.2738443613052368, -0.9409658312797546, -0.19897815585136414, 0.9413312673568726, 0.21979635953903198, 0.2560955882072449, -0.19724254310131073, -0.2574346661567688, 0.9459507465362549)
        p53.Parent = p51
      end
      do
        local p54 = Instance.new("Pose")
        p54.Name = "Head"
        p54.CFrame = CFrame.new(1.4901161193847656e-08, 1.1920928955078125e-07, -7.748603820800781e-07, 0.9247652888298035, -0.3802899420261383, -0.01373637467622757, 0.3386005461215973, 0.8387883901596069, -0.42636075615882874, 0.17366260290145874, 0.3896324634552002, 0.9044488072395325)
        p54.Parent = p51
      end
      do
        local p55 = Instance.new("Pose")
        p55.Name = "Left Arm"
        p55.CFrame = CFrame.new(-0.23372870683670044, -0.05602896213531494, 0.0022303909063339233, 0.4012901782989502, 0.6569361686706543, -0.6382799744606018, -0.8658316135406494, 0.4994148015975952, -0.03034086525440216, 0.29883432388305664, 0.5648183226585388, 0.7692063450813293)
        p55.Parent = p51
      end
      do
        local p56 = Instance.new("Pose")
        p56.Name = "Right Leg"
        p56.CFrame = CFrame.new(0.06128489971160889, -0.08835005760192871, 0.013268649578094482, 0.9166054129600525, 0.3950020968914032, -0.06173735857009888, -0.3923506736755371, 0.9184026122093201, 0.05092685669660568, 0.07681693881750107, -0.022455086931586266, 0.9967949390411377)
        p56.Parent = p51
      end
    end
  end
end

do
  local k = Instance.new("Keyframe")
  k.Time = 0.4933333396911621
  k.Parent = KeyframeSequence
  do
    local p57 = Instance.new("Pose")
    p57.Name = "HumanoidRootPart"
    p57.CFrame = CFrame.new(0, 0, 0, 1, 0, 0, 0, 1, 0, 0, 0, 1)
    p57.Parent = k
    do
      local p58 = Instance.new("Pose")
      p58.Name = "Torso"
      p58.CFrame = CFrame.new(-0.00000413600355386734, 0.000013092532753944397, -0.09658566117286682, 0.9044666886329651, 0.4024740159511566, 0.1412622034549713, -0.42653578519821167, 0.8512819409370422, 0.30559220910072327, 0.002738840878009796, -0.33665117621421814, 0.9416251182556152)
      p58.Parent = p57
      do
        local p59 = Instance.new("Pose")
        p59.Name = "Left Leg"
        p59.CFrame = CFrame.new(-0.5665808320045471, -0.14308005571365356, 0.2857357859611511, 0.8527340292930603, -0.4931718111038208, 0.1721227616071701, 0.5100076794624329, 0.8572872281074524, -0.07036210596561432, -0.11285802721977234, 0.14778408408164978, 0.9825593829154968)
        p59.Parent = p58
      end
      do
        local p60 = Instance.new("Pose")
        p60.Name = "Right Arm"
        p60.CFrame = CFrame.new(-0.0916982889175415, -0.32316452264785767, 0.08143919706344604, 0.2738443613052368, -0.9409658312797546, -0.19897815585136414, 0.9413312673568726, 0.21979635953903198, 0.2560955882072449, -0.19724254310131073, -0.2574346661567688, 0.9459507465362549)
        p60.Parent = p58
      end
      do
        local p61 = Instance.new("Pose")
        p61.Name = "Head"
        p61.CFrame = CFrame.new(1.4901161193847656e-08, 1.1920928955078125e-07, -7.748603820800781e-07, 0.9247652888298035, -0.3802899420261383, -0.01373637467622757, 0.3386005461215973, 0.8387883901596069, -0.42636075615882874, 0.17366260290145874, 0.3896324634552002, 0.9044488072395325)
        p61.Parent = p58
      end
      do
        local p62 = Instance.new("Pose")
        p62.Name = "Left Arm"
        p62.CFrame = CFrame.new(-0.23372870683670044, -0.05602896213531494, 0.0022303909063339233, 0.4012901782989502, 0.6569361686706543, -0.6382799744606018, -0.8658316135406494, 0.4994148015975952, -0.03034086525440216, 0.29883432388305664, 0.5648183226585388, 0.7692063450813293)
        p62.Parent = p58
      end
      do
        local p63 = Instance.new("Pose")
        p63.Name = "Right Leg"
        p63.CFrame = CFrame.new(0.06128489971160889, -0.08835005760192871, 0.013268649578094482, 0.9166054129600525, 0.3950020968914032, -0.06173735857009888, -0.3923506736755371, 0.9184026122093201, 0.05092685669660568, 0.07681693881750107, -0.022455086931586266, 0.9967949390411377)
        p63.Parent = p58
      end
    end
  end
end

do
  local k = Instance.new("Keyframe")
  k.Time = 0.21041665971279144
  k.Parent = KeyframeSequence
end
return KeyframeSequence
