local KeyframeSequence = Instance.new("KeyframeSequence")
KeyframeSequence.Name = "Imported Animation Clip"

do
  local k = Instance.new("Keyframe")
  k.Time = 0
  k.Parent = KeyframeSequence
  do
    local p1 = Instance.new("Pose")
    p1.Name = "HumanoidRootPart"
    p1.CFrame = CFrame.new(0, 0, 0, 1, 0, 0, 0, 1, 0, 0, 0, 1)
    p1.Parent = k
    do
      local p2 = Instance.new("Pose")
      p2.Name = "Torso"
      p2.CFrame = CFrame.new(0, 0, 0, 1, 0, 0, 0, 1, 0, 0, 0, 1)
      p2.Parent = p1
      do
        local p3 = Instance.new("Pose")
        p3.Name = "Left Leg"
        p3.CFrame = CFrame.new(0, 0, 0, 1, 0, 0, 0, 1, 0, 0, 0, 1)
        p3.Parent = p2
      end
      do
        local p4 = Instance.new("Pose")
        p4.Name = "Right Arm"
        p4.CFrame = CFrame.new(0, 0, 0, 1, 0, 0, 0, 1, 0, 0, 0, 1)
        p4.Parent = p2
      end
      do
        local p5 = Instance.new("Pose")
        p5.Name = "Head"
        p5.CFrame = CFrame.new(0, 0, 0, 1, 0, 0, 0, 1, 0, 0, 0, 1)
        p5.Parent = p2
      end
      do
        local p6 = Instance.new("Pose")
        p6.Name = "Right Leg"
        p6.CFrame = CFrame.new(0, 0, 0, 1, 0, 0, 0, 1, 0, 0, 0, 1)
        p6.Parent = p2
      end
      do
        local p7 = Instance.new("Pose")
        p7.Name = "Left Arm"
        p7.CFrame = CFrame.new(0, 0, 0, 1, 0, 0, 0, 1, 0, 0, 0, 1)
        p7.Parent = p2
      end
    end
  end
end

do
  local k = Instance.new("Keyframe")
  k.Time = 0.13333334028720856
  k.Parent = KeyframeSequence
  do
    local p8 = Instance.new("Pose")
    p8.Name = "HumanoidRootPart"
    p8.CFrame = CFrame.new(0, 0, 0, 1, 0, 0, 0, 1, 0, 0, 0, 1)
    p8.Parent = k
    do
      local p9 = Instance.new("Pose")
      p9.Name = "Torso"
      p9.CFrame = CFrame.new(1.564621925354004e-07, 9.313225746154785e-08, -0.25257429480552673, 0.493129163980484, 0.8150133490562439, -0.3042645752429962, -0.8699561357498169, 0.46198517084121704, -0.17247046530246735, 0, 0.34974703192710876, 0.9368441700935364)
      p9.Parent = p8
      do
        local p10 = Instance.new("Pose")
        p10.Name = "Left Leg"
        p10.CFrame = CFrame.new(-0.007038772106170654, 0.23777484893798828, 0.009521484375, 0.44084247946739197, 0.012275224551558495, 0.8975005149841309, 0.09192344546318054, 0.9940316081047058, -0.05874727666378021, -0.8928651809692383, 0.1083996593952179, 0.437082976102829)
        p10.Parent = p9
      end
      do
        local p11 = Instance.new("Pose")
        p11.Name = "Right Arm"
        p11.CFrame = CFrame.new(-0.41883665323257446, -0.15636208653450012, -0.25342094898223877, -0.5542203187942505, -0.6792944669723511, -0.481039434671402, 0.7952064275741577, -0.2613465189933777, -0.5471242070198059, 0.2459404170513153, -0.6857529878616333, 0.6850228309631348)
        p11.Parent = p9
      end
      do
        local p12 = Instance.new("Pose")
        p12.Name = "Head"
        p12.CFrame = CFrame.new(-3.725290298461914e-09, 1.4901161193847656e-08, 0, 0.6279237866401672, -0.7686336040496826, 0.12212340533733368, 0.7614472508430481, 0.6391903162002563, 0.1078605055809021, -0.16096529364585876, 0.02526235580444336, 0.9866366982460022)
        p12.Parent = p9
      end
      do
        local p13 = Instance.new("Pose")
        p13.Name = "Right Leg"
        p13.CFrame = CFrame.new(0.6726175546646118, 0.213556706905365, 0.4257882833480835, 0.9332687854766846, 0.3402802050113678, -0.11497300863265991, -0.2789391577243805, 0.8883038759231567, 0.3648413419723511, 0.22627928853034973, -0.3084246516227722, 0.9239437580108643)
        p13.Parent = p9
      end
      do
        local p14 = Instance.new("Pose")
        p14.Name = "Left Arm"
        p14.CFrame = CFrame.new(2.9802322387695312e-08, 7.450580596923828e-09, -5.960464477539063e-08, 0.17731446027755737, 0.9248039722442627, 0.3365963399410248, -0.984154224395752, 0.1666213572025299, 0.060644350945949554, 0, -0.3420158326625824, 0.9396941661834717)
        p14.Parent = p9
      end
    end
  end
end

do
  local k = Instance.new("Keyframe")
  k.Time = 0.23333333432674408
  k.Parent = KeyframeSequence
  do
    local p15 = Instance.new("Pose")
    p15.Name = "HumanoidRootPart"
    p15.CFrame = CFrame.new(0, 0, 0, 1, 0, 0, 0, 1, 0, 0, 0, 1)
    p15.Parent = k
    do
      local p16 = Instance.new("Pose")
      p16.Name = "Torso"
      p16.CFrame = CFrame.new(1.4156103134155273e-07, 1.0617077350616455e-07, -0.25257429480552673, 0.2560870945453644, 0.9004284143447876, -0.3516364097595215, -0.9533730149269104, 0.1751733422279358, -0.24575231969356537, -0.15968501567840576, 0.39817461371421814, 0.9033037424087524)
      p16.Parent = p15
      do
        local p17 = Instance.new("Pose")
        p17.Name = "Left Leg"
        p17.CFrame = CFrame.new(0.10812267661094666, 0.25277596712112427, 0.02681601047515869, 0.3952617049217224, 0.0438074991106987, 0.9175233244895935, -0.028265833854675293, 0.9989690184593201, -0.03551960736513138, -0.9181336760520935, -0.011894956231117249, 0.39609259366989136)
        p17.Parent = p16
      end
      do
        local p18 = Instance.new("Pose")
        p18.Name = "Right Arm"
        p18.CFrame = CFrame.new(-0.7790733575820923, -0.254046231508255, -0.4182014465332031, -0.2554813623428345, -0.5912583470344543, -0.7649463415145874, 0.9667045474052429, -0.16813108325004578, -0.1929103434085846, -0.014551430940628052, -0.7887620329856873, 0.6145265102386475)
        p18.Parent = p16
      end
      do
        local p19 = Instance.new("Pose")
        p19.Name = "Head"
        p19.CFrame = CFrame.new(-7.450580596923828e-09, 2.2351741790771484e-08, -8.940696716308594e-08, 0.3568449914455414, -0.9293613433837891, 0.09459935128688812, 0.9122517704963684, 0.36848798394203186, 0.1789226531982422, -0.20114251971244812, 0.022450774908065796, 0.9793046116828918)
        p19.Parent = p16
      end
      do
        local p20 = Instance.new("Pose")
        p20.Name = "Right Leg"
        p20.CFrame = CFrame.new(0.34700530767440796, 0.09543955326080322, 0.2393120527267456, 0.9809406995773315, 0.08080896735191345, -0.1767079085111618, -0.02984851598739624, 0.961293637752533, 0.2739047706127167, 0.19200235605239868, -0.2634098529815674, 0.9453837275505066)
        p20.Parent = p16
      end
      do
        local p21 = Instance.new("Pose")
        p21.Name = "Left Arm"
        p21.CFrame = CFrame.new(-0.044013798236846924, -0.09984973818063736, 0.01765340566635132, 0.021253269165754318, 0.9984899163246155, -0.05065673589706421, -0.9997416734695435, 0.020816782489418983, -0.009126812219619751, -0.008058533072471619, 0.050837740302085876, 0.9986743927001953)
        p21.Parent = p16
      end
    end
  end
end

do
  local k = Instance.new("Keyframe")
  k.Time = 0.3166666626930237
  k.Parent = KeyframeSequence
  do
    local p22 = Instance.new("Pose")
    p22.Name = "HumanoidRootPart"
    p22.CFrame = CFrame.new(0, 0, 0, 1, 0, 0, 0, 1, 0, 0, 0, 1)
    p22.Parent = k
    do
      local p23 = Instance.new("Pose")
      p23.Name = "Torso"
      p23.CFrame = CFrame.new(1.4156103134155273e-07, 1.126900315284729e-07, -0.2525741159915924, 0.20337054133415222, 0.8882173299789429, -0.41195937991142273, -0.9531583786010742, 0.08338864147663116, -0.29074981808662415, -0.22389626502990723, 0.4517924189567566, 0.8635704517364502)
      p23.Parent = p22
      do
        local p24 = Instance.new("Pose")
        p24.Name = "Left Leg"
        p24.CFrame = CFrame.new(0.10812270641326904, 0.25277596712112427, 0.026816047728061676, 0.38844457268714905, 0.08521582931280136, 0.9175233244895935, -0.13337869942188263, 0.9904282689094543, -0.03551960736513138, -0.9117681384086609, -0.10858064144849777, 0.39609259366989136)
        p24.Parent = p23
      end
      do
        local p25 = Instance.new("Pose")
        p25.Name = "Right Arm"
        p25.CFrame = CFrame.new(-0.6962798833847046, -0.2058500349521637, -0.30001193284988403, -0.49598395824432373, -0.5441974997520447, -0.6766454577445984, 0.8683063387870789, -0.3167896866798401, -0.381691575050354, -0.006638720631599426, -0.7768483757972717, 0.6296527981758118)
        p25.Parent = p23
      end
      do
        local p26 = Instance.new("Pose")
        p26.Name = "Head"
        p26.CFrame = CFrame.new(-2.60770320892334e-08, -2.2351741790771484e-08, -3.5762786865234375e-07, 0.3087579309940338, -0.9504679441452026, 0.035765863955020905, 0.928501546382904, 0.3093511760234833, 0.20539408922195435, -0.20628471672534943, -0.030208401381969452, 0.978025496006012)
        p26.Parent = p23
      end
      do
        local p27 = Instance.new("Pose")
        p27.Name = "Right Leg"
        p27.CFrame = CFrame.new(0.3882632851600647, 0.028084278106689453, 0.14326973259449005, 0.9818223714828491, -0.014252109453082085, -0.1892681121826172, 0.058577172458171844, 0.9712536931037903, 0.23072746396064758, 0.18053925037384033, -0.23762020468711853, 0.9544329643249512)
        p27.Parent = p23
      end
      do
        local p28 = Instance.new("Pose")
        p28.Name = "Left Arm"
        p28.CFrame = CFrame.new(-0.04401350021362305, -0.09984971582889557, 0.017653584480285645, 0.21484732627868652, 0.9760262966156006, 0.034831900149583817, -0.9367263317108154, 0.19584143161773682, 0.2901552617549896, 0.2763776481151581, -0.09496691823005676, 0.9563455581665039)
        p28.Parent = p23
      end
    end
  end
end

do
  local k = Instance.new("Keyframe")
  k.Time = 0.32499998807907104
  k.Parent = KeyframeSequence
  do
    local p29 = Instance.new("Pose")
    p29.Name = "HumanoidRootPart"
    p29.CFrame = CFrame.new(0, 0, 0, 1, 0, 0, 0, 1, 0, 0, 0, 1)
    p29.Parent = k
    do
      local p30 = Instance.new("Pose")
      p30.Name = "Torso"
      p30.CFrame = CFrame.new(1.4156103134155273e-07, 1.1175870895385742e-07, -0.25257408618927, 0.2014174461364746, 0.8886621594429016, -0.41195937991142273, -0.9533393979072571, 0.08129304647445679, -0.29074978828430176, -0.2248888909816742, 0.45129919052124023, 0.863570511341095)
      p30.Parent = p29
      do
        local p31 = Instance.new("Pose")
        p31.Name = "Left Leg"
        p31.CFrame = CFrame.new(0.10812270641326904, 0.2527760863304138, 0.026816029101610184, 0.3875322639942169, 0.08521588146686554, 0.9179090857505798, -0.13334324955940247, 0.9904284477233887, -0.035652145743370056, -0.9121614098548889, -0.10858061909675598, 0.3951859474182129)
        p31.Parent = p30
      end
      do
        local p32 = Instance.new("Pose")
        p32.Name = "Right Arm"
        p32.CFrame = CFrame.new(-0.6982719302177429, -0.20701642334461212, -0.30375510454177856, -0.5010641813278198, -0.5329645276069641, -0.6818236708641052, 0.8652791380882263, -0.32224148511886597, -0.38399526476860046, -0.015056014060974121, -0.7823740243911743, 0.622626781463623)
        p32.Parent = p30
      end
      do
        local p33 = Instance.new("Pose")
        p33.Name = "Head"
        p33.CFrame = CFrame.new(-2.60770320892334e-08, -2.2351741790771484e-08, -3.5762786865234375e-07, 0.3087579607963562, -0.9504368901252747, 0.03658299148082733, 0.928501546382904, 0.30952757596969604, 0.2051280438899994, -0.20628470182418823, -0.02936755120754242, 0.9780511856079102)
        p33.Parent = p30
      end
      do
        local p34 = Instance.new("Pose")
        p34.Name = "Right Leg"
        p34.CFrame = CFrame.new(0.3882632851600647, 0.028084278106689453, 0.14326976239681244, 0.9820829629898071, -0.014252392575144768, -0.18790939450263977, 0.05825755000114441, 0.9712535738945007, 0.23080836236476898, 0.1792181134223938, -0.23762010037899017, 0.954681932926178)
        p34.Parent = p30
      end
      do
        local p35 = Instance.new("Pose")
        p35.Name = "Left Arm"
        p35.CFrame = CFrame.new(-0.04401350021362305, -0.09984971582889557, 0.01765352487564087, 0.21484726667404175, 0.9763433933258057, 0.02437816560268402, -0.9367263317108154, 0.19893735647201538, 0.2880414128303528, 0.2763775587081909, -0.08472059667110443, 0.9573075771331787)
        p35.Parent = p30
      end
    end
  end
end

do
  local k = Instance.new("Keyframe")
  k.Time = 0.3333333432674408
  k.Parent = KeyframeSequence
  do
    local p36 = Instance.new("Pose")
    p36.Name = "HumanoidRootPart"
    p36.CFrame = CFrame.new(0, 0, 0, 1, 0, 0, 0, 1, 0, 0, 0, 1)
    p36.Parent = k
    do
      local p37 = Instance.new("Pose")
      p37.Name = "Torso"
      p37.CFrame = CFrame.new(1.341104507446289e-07, 1.2014061212539673e-07, -0.2525741457939148, 0.1995345950126648, 0.8890868425369263, -0.41195935010910034, -0.9535094499588013, 0.079273521900177, -0.29074978828430176, -0.22584432363510132, 0.45082181692123413, 0.8635705709457397)
      p37.Parent = p36
      do
        local p38 = Instance.new("Pose")
        p38.Name = "Left Leg"
        p38.CFrame = CFrame.new(0.10812267661094666, 0.25277596712112427, 0.02681603655219078, 0.38665300607681274, 0.08521589636802673, 0.918279767036438, -0.13330905139446259, 0.9904284477233887, -0.035779837518930435, -0.9125393629074097, -0.10858061909675598, 0.39431220293045044)
        p38.Parent = p37
      end
      do
        local p39 = Instance.new("Pose")
        p39.Name = "Right Arm"
        p39.CFrame = CFrame.new(-0.7001913785934448, -0.20814058184623718, -0.3073621392250061, -0.5058467984199524, -0.5220475196838379, -0.686720609664917, 0.8623107671737671, -0.32744550704956055, -0.3862634301185608, -0.02321574091911316, -0.7875567078590393, 0.6158046126365662)
        p39.Parent = p37
      end
      do
        local p40 = Instance.new("Pose")
        p40.Name = "Head"
        p40.CFrame = CFrame.new(-2.60770320892334e-08, -2.9802322387695312e-08, -4.172325134277344e-07, 0.3087579607963562, -0.9504062533378601, 0.03737039119005203, 0.928501546382904, 0.3096974492073059, 0.20487156510353088, -0.20628473162651062, -0.028557270765304565, 0.9780751466751099)
        p40.Parent = p37
      end
      do
        local p41 = Instance.new("Pose")
        p41.Name = "Right Leg"
        p41.CFrame = CFrame.new(0.3882632553577423, 0.028084158897399902, 0.14326982200145721, 0.9823326468467712, -0.01425238512456417, -0.18659962713718414, 0.05794970691204071, 0.9712535738945007, 0.230885848402977, 0.17794488370418549, -0.23762010037899017, 0.9549200534820557)
        p41.Parent = p37
      end
      do
        local p42 = Instance.new("Pose")
        p42.Name = "Left Arm"
        p42.CFrame = CFrame.new(-0.044013649225234985, -0.09984975308179855, 0.017653584480285645, 0.21484732627868652, 0.9765430688858032, 0.014301970601081848, -0.9367263317108154, 0.20189911127090454, 0.2859732508659363, 0.2763776183128357, -0.07483764737844467, 0.9581308960914612)
        p42.Parent = p37
      end
    end
  end
end

do
  local k = Instance.new("Keyframe")
  k.Time = 0.34166666865348816
  k.Parent = KeyframeSequence
  do
    local p43 = Instance.new("Pose")
    p43.Name = "HumanoidRootPart"
    p43.CFrame = CFrame.new(0, 0, 0, 1, 0, 0, 0, 1, 0, 0, 0, 1)
    p43.Parent = k
    do
      local p44 = Instance.new("Pose")
      p44.Name = "Torso"
      p44.CFrame = CFrame.new(1.341104507446289e-07, 1.0710209608078003e-07, -0.25257408618927, 0.19772177934646606, 0.8894917368888855, -0.4119594097137451, -0.9536691308021545, 0.07732963562011719, -0.29074975848197937, -0.2267628312110901, 0.450360506772995, 0.863570511341095)
      p44.Parent = p43
      do
        local p45 = Instance.new("Pose")
        p45.Name = "Left Leg"
        p45.CFrame = CFrame.new(0.10812270641326904, 0.25277596712112427, 0.026816055178642273, 0.38580644130706787, 0.08521589636802673, 0.9186357855796814, -0.13327601552009583, 0.9904284477233887, -0.03590270131826401, -0.9129025340080261, -0.10858062654733658, 0.3934708833694458)
        p45.Parent = p44
      end
      do
        local p46 = Instance.new("Pose")
        p46.Name = "Right Arm"
        p46.CFrame = CFrame.new(-0.7020381689071655, -0.20922227203845978, -0.31083300709724426, -0.5103435516357422, -0.5114585757255554, -0.6913458108901978, 0.859407365322113, -0.33240628242492676, -0.3884902000427246, -0.031111180782318115, -0.7924113273620605, 0.6091930866241455)
        p46.Parent = p44
      end
      do
        local p47 = Instance.new("Pose")
        p47.Name = "Head"
        p47.CFrame = CFrame.new(-1.862645149230957e-08, -2.2351741790771484e-08, -3.5762786865234375e-07, 0.3087579607963562, -0.9503761529922485, 0.038128048181533813, 0.9285016059875488, 0.3098606467247009, 0.20462459325790405, -0.20628471672534943, -0.027777530252933502, 0.978097677230835)
        p47.Parent = p44
      end
      do
        local p48 = Instance.new("Pose")
        p48.Name = "Right Leg"
        p48.CFrame = CFrame.new(0.3882632851600647, 0.028084278106689453, 0.14326980710029602, 0.9825713038444519, -0.01425238884985447, -0.18533892929553986, 0.05765338987112045, 0.9712535738945007, 0.23096002638339996, 0.17671938240528107, -0.23762010037899017, 0.9551476240158081)
        p48.Parent = p44
      end
      do
        local p49 = Instance.new("Pose")
        p49.Name = "Left Arm"
        p49.CFrame = CFrame.new(-0.04401347041130066, -0.09984971582889557, 0.017653584480285645, 0.21484726667404175, 0.9766368269920349, 0.004604563117027283, -0.9367262721061707, 0.20472872257232666, 0.28395435214042664, 0.2763775587081909, -0.06532005220651627, 0.9588267207145691)
        p49.Parent = p44
      end
    end
  end
end

do
  local k = Instance.new("Keyframe")
  k.Time = 0.3499999940395355
  k.Parent = KeyframeSequence
  do
    local p50 = Instance.new("Pose")
    p50.Name = "HumanoidRootPart"
    p50.CFrame = CFrame.new(0, 0, 0, 1, 0, 0, 0, 1, 0, 0, 0, 1)
    p50.Parent = k
    do
      local p51 = Instance.new("Pose")
      p51.Name = "Torso"
      p51.CFrame = CFrame.new(1.1920928955078125e-07, 1.2293457984924316e-07, -0.25257408618927, 0.19597935676574707, 0.8898773193359375, -0.4119594097137451, -0.9538187980651855, 0.07546168565750122, -0.29074981808662415, -0.2276444286108017, 0.4499156177043915, 0.863570511341095)
      p51.Parent = p50
      do
        local p52 = Instance.new("Pose")
        p52.Name = "Left Leg"
        p52.CFrame = CFrame.new(0.10812273621559143, 0.25277602672576904, 0.026815999299287796, 0.38499271869659424, 0.08521588891744614, 0.9189770817756653, -0.13324417173862457, 0.9904284477233887, -0.03602070361375809, -0.9132506251335144, -0.10858062654733658, 0.39266228675842285)
        p52.Parent = p51
      end
      do
        local p53 = Instance.new("Pose")
        p53.Name = "Right Arm"
        p53.CFrame = CFrame.new(-0.703813374042511, -0.21026144921779633, -0.31416794657707214, -0.5145665407180786, -0.5012091398239136, -0.6957087516784668, 0.8565750122070312, -0.3371291160583496, -0.39067015051841736, -0.0387362539768219, -0.796952486038208, 0.602798581123352)
        p53.Parent = p51
      end
      do
        local p54 = Instance.new("Pose")
        p54.Name = "Head"
        p54.CFrame = CFrame.new(-2.0489096641540527e-08, -2.9802322387695312e-08, -3.8743019104003906e-07, 0.3087579607963562, -0.9503466486930847, 0.038855962455272675, 0.928501546382904, 0.31001728773117065, 0.20438718795776367, -0.20628470182418823, -0.027028359472751617, 0.9781186580657959)
        p54.Parent = p51
      end
      do
        local p55 = Instance.new("Pose")
        p55.Name = "Right Leg"
        p55.CFrame = CFrame.new(0.38826319575309753, 0.028084278106689453, 0.14326977729797363, 0.9827990531921387, -0.014252390712499619, -0.18412739038467407, 0.057368602603673935, 0.9712535738945007, 0.23103094100952148, 0.17554163932800293, -0.23762011528015137, 0.9553647637367249)
        p55.Parent = p51
      end
      do
        local p56 = Instance.new("Pose")
        p56.Name = "Left Arm"
        p56.CFrame = CFrame.new(-0.04401347041130066, -0.09984970092773438, 0.01765352487564087, 0.21484726667404175, 0.9766362905502319, -0.004712998867034912, -0.9367262125015259, 0.20742839574813843, 0.2819882333278656, 0.2763775587081909, -0.056169599294662476, 0.9594062566757202)
        p56.Parent = p51
      end
    end
  end
end

do
  local k = Instance.new("Keyframe")
  k.Time = 0.3583333194255829
  k.Parent = KeyframeSequence
  do
    local p57 = Instance.new("Pose")
    p57.Name = "HumanoidRootPart"
    p57.CFrame = CFrame.new(0, 0, 0, 1, 0, 0, 0, 1, 0, 0, 0, 1)
    p57.Parent = k
    do
      local p58 = Instance.new("Pose")
      p58.Name = "Torso"
      p58.CFrame = CFrame.new(1.564621925354004e-07, 1.126900315284729e-07, -0.25257408618927, 0.19430750608444214, 0.8902438282966614, -0.41195935010910034, -0.9539586901664734, 0.07366997003555298, -0.29074975848197937, -0.22848916053771973, 0.4494870603084564, 0.8635705709457397)
      p58.Parent = p57
      do
        local p59 = Instance.new("Pose")
        p59.Name = "Left Leg"
        p59.CFrame = CFrame.new(0.10812276601791382, 0.2527761459350586, 0.02681601047515869, 0.38421204686164856, 0.08521588891744614, 0.9193037152290344, -0.13321352005004883, 0.9904284477233887, -0.036133866757154465, -0.9135836958885193, -0.10858061909675598, 0.39188647270202637)
        p59.Parent = p58
      end
      do
        local p60 = Instance.new("Pose")
        p60.Name = "Right Arm"
        p60.CFrame = CFrame.new(-0.7055152654647827, -0.21125824749469757, -0.3173665404319763, -0.5185258388519287, -0.49130940437316895, -0.6998182535171509, 0.8538188934326172, -0.3416175842285156, -0.39279812574386597, -0.04608491063117981, -0.8011941313743591, 0.5966272354125977)
        p60.Parent = p58
      end
      do
        local p61 = Instance.new("Pose")
        p61.Name = "Head"
        p61.CFrame = CFrame.new(-1.862645149230957e-08, -2.9802322387695312e-08, -4.172325134277344e-07, 0.308758020401001, -0.9503178000450134, 0.039554156363010406, 0.928501546382904, 0.31016743183135986, 0.20415937900543213, -0.20628470182418823, -0.026309765875339508, 0.9781382083892822)
        p61.Parent = p58
      end
      do
        local p62 = Instance.new("Pose")
        p62.Name = "Right Leg"
        p62.CFrame = CFrame.new(0.38826313614845276, 0.028084397315979004, 0.14326979219913483, 0.9830160737037659, -0.01425238512456417, -0.18296505510807037, 0.057095348834991455, 0.9712535738945007, 0.23109860718250275, 0.17441175878047943, -0.23762010037899017, 0.9555716514587402)
        p62.Parent = p58
      end
      do
        local p63 = Instance.new("Pose")
        p63.Name = "Left Arm"
        p63.CFrame = CFrame.new(-0.04401358962059021, -0.09984971582889557, 0.017653584480285645, 0.21484732627868652, 0.9765523672103882, -0.013649865984916687, -0.9367263317108154, 0.2100001573562622, 0.28007835149765015, 0.2763776183128357, -0.04738791286945343, 0.9598801136016846)
        p63.Parent = p58
      end
    end
  end
end

do
  local k = Instance.new("Keyframe")
  k.Time = 0.36666667461395264
  k.Parent = KeyframeSequence
  do
    local p64 = Instance.new("Pose")
    p64.Name = "HumanoidRootPart"
    p64.CFrame = CFrame.new(0, 0, 0, 1, 0, 0, 0, 1, 0, 0, 0, 1)
    p64.Parent = k
    do
      local p65 = Instance.new("Pose")
      p65.Name = "Torso"
      p65.CFrame = CFrame.new(1.1920928955078125e-07, 1.0896474123001099e-07, -0.25257408618927, 0.1927059292793274, 0.8905919790267944, -0.41195937991142273, -0.9540897607803345, 0.07195401191711426, -0.29074978828430176, -0.22929725050926208, 0.44907546043395996, 0.863570511341095)
      p65.Parent = p64
      do
        local p66 = Instance.new("Pose")
        p66.Name = "Left Leg"
        p66.CFrame = CFrame.new(0.10812276601791382, 0.2527760863304138, 0.02681601792573929, 0.3834643065929413, 0.08521590381860733, 0.9196158647537231, -0.13318410515785217, 0.9904284477233887, -0.036242201924324036, -0.9139021635055542, -0.10858063399791718, 0.3911433815956116)
        p66.Parent = p65
      end
      do
        local p67 = Instance.new("Pose")
        p67.Name = "Right Arm"
        p67.CFrame = CFrame.new(-0.7071455717086792, -0.21221260726451874, -0.32042932510375977, -0.5222335457801819, -0.48176953196525574, -0.7036835551261902, 0.8511446714401245, -0.34587740898132324, -0.3948693871498108, -0.05315214395523071, -0.8051504492759705, 0.5906841158866882)
        p67.Parent = p65
      end
      do
        local p68 = Instance.new("Pose")
        p68.Name = "Head"
        p68.CFrame = CFrame.new(-3.725290298461914e-09, -1.4901161193847656e-08, -4.172325134277344e-07, 0.3087579607963562, -0.9502899646759033, 0.04022262245416641, 0.9285017251968384, 0.310310959815979, 0.2039411962032318, -0.20628473162651062, -0.02562173455953598, 0.9781565070152283)
        p68.Parent = p65
      end
      do
        local p69 = Instance.new("Pose")
        p69.Name = "Right Leg"
        p69.CFrame = CFrame.new(0.38826316595077515, 0.028084278106689453, 0.1432698518037796, 0.9832226037979126, -0.01425238698720932, -0.18185190856456757, 0.0568336546421051, 0.9712535738945007, 0.2311631143093109, 0.173329696059227, -0.23762011528015137, 0.9557685256004333)
        p69.Parent = p65
      end
      do
        local p70 = Instance.new("Pose")
        p70.Name = "Left Arm"
        p70.CFrame = CFrame.new(-0.04401350021362305, -0.09984971582889557, 0.01765352487564087, 0.21484726667404175, 0.9763952493667603, -0.02220536768436432, -0.9367263317108154, 0.21244597434997559, 0.27822765707969666, 0.2763776183128357, -0.03897612541913986, 0.960258424282074)
        p70.Parent = p65
      end
    end
  end
end

do
  local k = Instance.new("Keyframe")
  k.Time = 0.375
  k.Parent = KeyframeSequence
  do
    local p71 = Instance.new("Pose")
    p71.Name = "HumanoidRootPart"
    p71.CFrame = CFrame.new(0, 0, 0, 1, 0, 0, 0, 1, 0, 0, 0, 1)
    p71.Parent = k
    do
      local p72 = Instance.new("Pose")
      p72.Name = "Torso"
      p72.CFrame = CFrame.new(1.2665987014770508e-07, 1.0989606380462646e-07, -0.2525741159915924, 0.19117504358291626, 0.8909217715263367, -0.41195935010910034, -0.9542120099067688, 0.07031416893005371, -0.29074981808662415, -0.23006874322891235, 0.44868066906929016, 0.863570511341095)
      p72.Parent = p71
      do
        local p73 = Instance.new("Pose")
        p73.Name = "Left Leg"
        p73.CFrame = CFrame.new(0.1081227958202362, 0.2527761459350586, 0.026815995573997498, 0.3827495574951172, 0.08521589636802673, 0.9199135899543762, -0.13315589725971222, 0.9904284477233887, -0.03634568303823471, -0.9142058491706848, -0.10858062654733658, 0.39043307304382324)
        p73.Parent = p72
      end
      do
        local p74 = Instance.new("Pose")
        p74.Name = "Right Arm"
        p74.CFrame = CFrame.new(-0.7087028622627258, -0.21312452852725983, -0.3233557343482971, -0.5256989002227783, -0.4725984036922455, -0.7073128819465637, 0.8485568761825562, -0.34991198778152466, -0.3968788981437683, -0.0599328875541687, -0.8088340163230896, 0.5849748849868774)
        p74.Parent = p72
      end
      do
        local p75 = Instance.new("Pose")
        p75.Name = "Head"
        p75.CFrame = CFrame.new(-2.9802322387695312e-08, -2.2351741790771484e-08, -3.2782554626464844e-07, 0.3087581396102905, -0.9502624273300171, 0.0408613458275795, 0.9285014867782593, 0.3104481101036072, 0.20373252034187317, -0.20628470182418823, -0.02496425062417984, 0.978173553943634)
        p75.Parent = p72
      end
      do
        local p76 = Instance.new("Pose")
        p76.Name = "Right Leg"
        p76.CFrame = CFrame.new(0.38826319575309753, 0.028084158897399902, 0.1432698667049408, 0.9834188222885132, -0.01425238884985447, -0.1807880401611328, 0.056583523750305176, 0.9712536334991455, 0.23122447729110718, 0.17229554057121277, -0.23762011528015137, 0.9559555053710938)
        p76.Parent = p72
      end
      do
        local p77 = Instance.new("Pose")
        p77.Name = "Left Arm"
        p77.CFrame = CFrame.new(-0.04401355981826782, -0.09984971582889557, 0.01765364408493042, 0.21484732627868652, 0.9761751890182495, -0.030379056930541992, -0.9367263317108154, 0.2147679328918457, 0.2764393091201782, 0.2763776183128357, -0.030935421586036682, 0.9605511426925659)
        p77.Parent = p72
      end
    end
  end
end

do
  local k = Instance.new("Keyframe")
  k.Time = 0.38333332538604736
  k.Parent = KeyframeSequence
  do
    local p78 = Instance.new("Pose")
    p78.Name = "HumanoidRootPart"
    p78.CFrame = CFrame.new(0, 0, 0, 1, 0, 0, 0, 1, 0, 0, 0, 1)
    p78.Parent = k
    do
      local p79 = Instance.new("Pose")
      p79.Name = "Torso"
      p79.CFrame = CFrame.new(1.341104507446289e-07, 1.0384246706962585e-07, -0.2525741159915924, 0.1897147297859192, 0.8912338614463806, -0.41195935010910034, -0.9543259739875793, 0.06875032186508179, -0.29074975848197937, -0.2308037132024765, 0.4483030140399933, 0.8635705709457397)
      p79.Parent = p78
      do
        local p80 = Instance.new("Pose")
        p80.Name = "Left Leg"
        p80.CFrame = CFrame.new(0.1081228256225586, 0.2527761459350586, 0.026816003024578094, 0.3820677697658539, 0.08521588891744614, 0.9201969504356384, -0.13312892615795135, 0.9904284477233887, -0.03644433245062828, -0.9144948124885559, -0.10858061909675598, 0.3897554874420166)
        p80.Parent = p79
      end
      do
        local p81 = Instance.new("Pose")
        p81.Name = "Right Arm"
        p81.CFrame = CFrame.new(-0.7101879119873047, -0.2139941155910492, -0.3261461853981018, -0.5289328098297119, -0.4638046324253082, -0.7107148170471191, 0.8460605144500732, -0.353726327419281, -0.39882272481918335, -0.06642267107963562, -0.8122580647468567, 0.5795040130615234)
        p81.Parent = p79
      end
      do
        local p82 = Instance.new("Pose")
        p82.Name = "Head"
        p82.CFrame = CFrame.new(-2.7939677238464355e-08, -2.9802322387695312e-08, -4.172325134277344e-07, 0.308758020401001, -0.9502361416816711, 0.04147033393383026, 0.928501546382904, 0.31057852506637573, 0.20353356003761292, -0.20628473162651062, -0.024337351322174072, 0.9781892895698547)
        p82.Parent = p79
      end
      do
        local p83 = Instance.new("Pose")
        p83.Name = "Right Leg"
        p83.CFrame = CFrame.new(0.38826316595077515, 0.028084397315979004, 0.1432698667049408, 0.9836047887802124, -0.014252383261919022, -0.1797734498977661, 0.05634495988488197, 0.9712535738945007, 0.23128272593021393, 0.17130929231643677, -0.23762013018131256, 0.956132709980011)
        p83.Parent = p79
      end
      do
        local p84 = Instance.new("Pose")
        p84.Name = "Left Arm"
        p84.CFrame = CFrame.new(-0.044013381004333496, -0.0998496487736702, 0.017653584480285645, 0.21484732627868652, 0.9759014248847961, -0.03817056119441986, -0.9367262721061707, 0.21696776151657104, 0.2747160494327545, 0.2763775587081909, -0.023266643285751343, 0.9607674479484558)
        p84.Parent = p79
      end
    end
  end
end

do
  local k = Instance.new("Keyframe")
  k.Time = 0.3916666805744171
  k.Parent = KeyframeSequence
  do
    local p85 = Instance.new("Pose")
    p85.Name = "HumanoidRootPart"
    p85.CFrame = CFrame.new(0, 0, 0, 1, 0, 0, 0, 1, 0, 0, 0, 1)
    p85.Parent = k
    do
      local p86 = Instance.new("Pose")
      p86.Name = "Torso"
      p86.CFrame = CFrame.new(1.1920928955078125e-07, 1.1781230568885803e-07, -0.2525741159915924, 0.18832522630691528, 0.8915286064147949, -0.41195935010910034, -0.9544320106506348, 0.06726258993148804, -0.29074975848197937, -0.2315022200345993, 0.44794270396232605, 0.8635705709457397)
      p86.Parent = p85
      do
        local p87 = Instance.new("Pose")
        p87.Name = "Left Leg"
        p87.CFrame = CFrame.new(0.10812264680862427, 0.25277602672576904, 0.026815980672836304, 0.3814191222190857, 0.08521591126918793, 0.9204661846160889, -0.13310323655605316, 0.9904284477233887, -0.03653815761208534, -0.9147695302963257, -0.10858064889907837, 0.38911086320877075)
        p87.Parent = p86
      end
      do
        local p88 = Instance.new("Pose")
        p88.Name = "Right Arm"
        p88.CFrame = CFrame.new(-0.7116003036499023, -0.21482129395008087, -0.328800231218338, -0.5319445133209229, -0.4553960859775543, -0.7138973474502563, 0.8436597585678101, -0.3573243021965027, -0.40069639682769775, -0.07261732220649719, -0.8154346942901611, 0.5742760896682739)
        p88.Parent = p86
      end
      do
        local p89 = Instance.new("Pose")
        p89.Name = "Head"
        p89.CFrame = CFrame.new(-1.4901161193847656e-08, -1.4901161193847656e-08, -4.172325134277344e-07, 0.3087579607963562, -0.9502107501029968, 0.042049624025821686, 0.9285016655921936, 0.31070244312286377, 0.2033441811800003, -0.20628473162651062, -0.02374100685119629, 0.9782039523124695)
        p89.Parent = p86
      end
      do
        local p90 = Instance.new("Pose")
        p90.Name = "Right Leg"
        p90.CFrame = CFrame.new(0.38826313614845276, 0.028084158897399902, 0.1432698667049408, 0.9837807416915894, -0.014252383261919022, -0.17880818247795105, 0.05611797794699669, 0.9712536334991455, 0.23133790493011475, 0.17037096619606018, -0.23762011528015137, 0.9563003778457642)
        p90.Parent = p86
      end
      do
        local p91 = Instance.new("Pose")
        p91.Name = "Left Arm"
        p91.CFrame = CFrame.new(-0.04401350021362305, -0.09984968602657318, 0.01765364408493042, 0.21484726667404175, 0.975583553314209, -0.045579805970191956, -0.9367263317108154, 0.21904748678207397, 0.27306067943573, 0.2763776183128357, -0.015970557928085327, 0.9609163999557495)
        p91.Parent = p86
      end
    end
  end
end

do
  local k = Instance.new("Keyframe")
  k.Time = 0.4000000059604645
  k.Parent = KeyframeSequence
  do
    local p92 = Instance.new("Pose")
    p92.Name = "HumanoidRootPart"
    p92.CFrame = CFrame.new(0, 0, 0, 1, 0, 0, 0, 1, 0, 0, 0, 1)
    p92.Parent = k
    do
      local p93 = Instance.new("Pose")
      p93.Name = "Torso"
      p93.CFrame = CFrame.new(1.2665987014770508e-07, 1.2200325727462769e-07, -0.25257408618927, 0.18700653314590454, 0.8918061256408691, -0.41195937991142273, -0.9545304775238037, 0.06585097312927246, -0.29074975848197937, -0.2321644127368927, 0.447599858045578, 0.863570511341095)
      p93.Parent = p92
      do
        local p94 = Instance.new("Pose")
        p94.Name = "Left Leg"
        p94.CFrame = CFrame.new(0.1081227958202362, 0.25277602672576904, 0.02681601420044899, 0.38080358505249023, 0.08521590381860733, 0.9207208752632141, -0.13307875394821167, 0.9904284477233887, -0.036627147346735, -0.9150293469429016, -0.10858063399791718, 0.3884991407394409)
        p94.Parent = p93
      end
      do
        local p95 = Instance.new("Pose")
        p95.Name = "Right Arm"
        p95.CFrame = CFrame.new(-0.7129404544830322, -0.21560603380203247, -0.3313184976577759, -0.5347439050674438, -0.44738009572029114, -0.7168682813644409, 0.8413589000701904, -0.36071068048477173, -0.40249621868133545, -0.0785132348537445, -0.818375825881958, 0.5692949295043945)
        p95.Parent = p93
      end
      do
        local p96 = Instance.new("Pose")
        p96.Name = "Head"
        p96.CFrame = CFrame.new(-1.6763806343078613e-08, -2.2351741790771484e-08, -3.8743019104003906e-07, 0.3087579607963562, -0.9501862525939941, 0.04259917885065079, 0.9285016059875488, 0.31081998348236084, 0.2031644582748413, -0.20628473162651062, -0.023175247013568878, 0.9782175421714783)
        p96.Parent = p93
      end
      do
        local p97 = Instance.new("Pose")
        p97.Name = "Right Leg"
        p97.CFrame = CFrame.new(0.388263076543808, 0.028084397315979004, 0.14326989650726318, 0.9839467406272888, -0.01425238884985447, -0.17789222300052643, 0.055902592837810516, 0.9712535738945007, 0.23139001429080963, 0.1694806069135666, -0.23762010037899017, 0.956458568572998)
        p97.Parent = p93
      end
      do
        local p98 = Instance.new("Pose")
        p98.Name = "Left Arm"
        p98.CFrame = CFrame.new(-0.04401355981826782, -0.09984972327947617, 0.01765364408493042, 0.2148471474647522, 0.9752299189567566, -0.05260663479566574, -0.9367263913154602, 0.22100883722305298, 0.27147558331489563, 0.2763776183128357, -0.009047776460647583, 0.9610065221786499)
        p98.Parent = p93
      end
    end
  end
end

do
  local k = Instance.new("Keyframe")
  k.Time = 0.40833333134651184
  k.Parent = KeyframeSequence
  do
    local p99 = Instance.new("Pose")
    p99.Name = "HumanoidRootPart"
    p99.CFrame = CFrame.new(0, 0, 0, 1, 0, 0, 0, 1, 0, 0, 0, 1)
    p99.Parent = k
    do
      local p100 = Instance.new("Pose")
      p100.Name = "Torso"
      p100.CFrame = CFrame.new(1.4156103134155273e-07, 1.0943040251731873e-07, -0.2525741159915924, 0.18575900793075562, 0.8920667767524719, -0.41195932030677795, -0.9546214938163757, 0.06451588869094849, -0.29074978828430176, -0.23279032111167908, 0.4472746253013611, 0.8635705709457397)
      p100.Parent = p99
      do
        local p101 = Instance.new("Pose")
        p101.Name = "Left Leg"
        p101.CFrame = CFrame.new(0.1081228256225586, 0.2527761459350586, 0.02681601420044899, 0.3802211284637451, 0.08521590381860733, 0.9209614992141724, -0.13305556774139404, 0.9904284477233887, -0.036711324006319046, -0.9152748584747314, -0.10858063399791718, 0.3879202604293823)
        p101.Parent = p100
      end
      do
        local p102 = Instance.new("Pose")
        p102.Name = "Right Arm"
        p102.CFrame = CFrame.new(-0.714207649230957, -0.21634827554225922, -0.3337004780769348, -0.537339448928833, -0.4397631287574768, -0.7196347713470459, 0.8391614556312561, -0.3638889789581299, -0.4042184352874756, -0.08410689234733582, -0.8210924863815308, 0.5645644664764404)
        p102.Parent = p100
      end
      do
        local p103 = Instance.new("Pose")
        p103.Name = "Head"
        p103.CFrame = CFrame.new(-1.6763806343078613e-08, -2.9802322387695312e-08, -3.8743019104003906e-07, 0.3087579607963562, -0.9501627683639526, 0.043119028210639954, 0.9285016059875488, 0.31093108654022217, 0.20299436151981354, -0.20628473162651062, -0.02264004945755005, 0.9782300591468811)
        p103.Parent = p100
      end
      do
        local p104 = Instance.new("Pose")
        p104.Name = "Right Leg"
        p104.CFrame = CFrame.new(0.38826310634613037, 0.028084278106689453, 0.14326992630958557, 0.9841030240058899, -0.01425238884985447, -0.1770256608724594, 0.05569879710674286, 0.9712535738945007, 0.23143918812274933, 0.16863824427127838, -0.23762013018131256, 0.956607460975647)
        p104.Parent = p100
      end
      do
        local p105 = Instance.new("Pose")
        p105.Name = "Left Arm"
        p105.CFrame = CFrame.new(-0.04401355981826782, -0.09984967112541199, 0.017653614282608032, 0.21484720706939697, 0.9748488068580627, -0.05925111472606659, -0.9367263913154602, 0.2228536605834961, 0.26996323466300964, 0.2763776183128357, -0.002498805522918701, 0.9610458612442017)
        p105.Parent = p100
      end
    end
  end
end

do
  local k = Instance.new("Keyframe")
  k.Time = 0.4166666567325592
  k.Parent = KeyframeSequence
  do
    local p106 = Instance.new("Pose")
    p106.Name = "HumanoidRootPart"
    p106.CFrame = CFrame.new(0, 0, 0, 1, 0, 0, 0, 1, 0, 0, 0, 1)
    p106.Parent = k
    do
      local p107 = Instance.new("Pose")
      p107.Name = "Torso"
      p107.CFrame = CFrame.new(1.1175870895385742e-07, 1.0291114449501038e-07, -0.25257408618927, 0.18458205461502075, 0.8923110961914062, -0.41195937991142273, -0.9547059535980225, 0.06325650215148926, -0.29074978828430176, -0.23338010907173157, 0.4469672441482544, 0.863570511341095)
      p107.Parent = p106
      do
        local p108 = Instance.new("Pose")
        p108.Name = "Left Leg"
        p108.CFrame = CFrame.new(0.1081227958202362, 0.25277620553970337, 0.026816003024578094, 0.3796718418598175, 0.08521589636802673, 0.9211881160736084, -0.1330336332321167, 0.9904283881187439, -0.03679066151380539, -0.9155060052871704, -0.10858062654733658, 0.3873743414878845)
        p108.Parent = p107
      end
      do
        local p109 = Instance.new("Pose")
        p109.Name = "Right Arm"
