local KeyframeSequence = Instance.new("KeyframeSequence")
KeyframeSequence.Name = "saita ma_Sai Anims"

do
  local k = Instance.new("Keyframe")
  k.Time = 0
  k.Parent = KeyframeSequence
  do
    local p = Instance.new("Pose")
    p.Name = "HumanoidRootPart"
    p.CFrame = CFrame.new(0, 0, 0, 1, 0, 0, 0, 1, 0, 0, 0, 1)
    p.Parent = k
    do
      local p = Instance.new("Pose")
      p.Name = "Torso"
      p.CFrame = CFrame.new(4.1956082e-07, -3.66941094e-07, 0.132740572, 0.999954402, 0.00564948563, -0.00746372109, 0.00658830255, 0.141658843, 0.989893556, 0.00664970651, -0.989899158, 0.14161548)
      p.Parent = p
      do
        local p = Instance.new("Pose")
        p.Name = "Head"
        p.CFrame = CFrame.new(0, 0, 0, 1, 0, 0, 0, 1, 0, 0, 0, 1)
        p.Parent = p
      end
      do
        local p = Instance.new("Pose")
        p.Name = "Left Leg"
        p.CFrame = CFrame.new(0, 0, 0, 1, 0, 0, 0, 1, 0, 0, 0, 1)
        p.Parent = p
      end
      do
        local p = Instance.new("Pose")
        p.Name = "Right Arm"
        p.CFrame = CFrame.new(0, 0, 0, 1, 0, 0, 0, 1, 0, 0, 0, 1)
        p.Parent = p
      end
      do
        local p = Instance.new("Pose")
        p.Name = "Right Leg"
        p.CFrame = CFrame.new(0, 0, 0, 1, 0, 0, 0, 1, 0, 0, 0, 1)
        p.Parent = p
      end
      do
        local p = Instance.new("Pose")
        p.Name = "Left Arm"
        p.CFrame = CFrame.new(0, 0, 0, 1, 0, 0, 0, 1, 0, 0, 0, 1)
        p.Parent = p
      end
    end
  end
end

do
  local k = Instance.new("Keyframe")
  k.Time = 0.07500000298023224
  k.Parent = KeyframeSequence
  do
    local p = Instance.new("Pose")
    p.Name = "HumanoidRootPart"
    p.CFrame = CFrame.new(0, 0, 0, 1, 0, 0, 0, 1, 0, 0, 0, 1)
    p.Parent = k
    do
      local p = Instance.new("Pose")
      p.Name = "Torso"
      p.CFrame = CFrame.new(7.03672413e-07, 7.82310963e-08, 0.103440493, 0.999956191, 0.00935512781, 0.000325144851, 0.00658829091, -0.728038192, 0.685504913, 0.00664970372, -0.685472727, -0.728067935)
      p.Parent = p
      do
        local p = Instance.new("Pose")
        p.Name = "Head"
        p.CFrame = CFrame.new(3.41329724e-07, 2.38418579e-07, 1.1920929e-06, 0.998810709, 0.0476712771, -0.01022847, -0.0332852565, 0.513409317, -0.857497931, -0.0356265977, 0.856818795, 0.514385521)
        p.Parent = p
      end
      do
        local p = Instance.new("Pose")
        p.Name = "Left Leg"
        p.CFrame = CFrame.new(-0.589997292, 0.791105807, 0.136009127, 0.973321915, -0.182547987, 0.138984576, 0.192945391, 0.97903502, -0.0652976856, -0.124156453, 0.0903738141, 0.988134205)
        p.Parent = p
      end
      do
        local p = Instance.new("Pose")
        p.Name = "Right Arm"
        p.CFrame = CFrame.new(0.14053601, -0.226929903, -0.0859802365, 0.301282525, -0.391784787, 0.869328737, 0.912806749, 0.382108212, -0.144144297, -0.275704503, 0.836957037, 0.472744703)
        p.Parent = p
      end
      do
        local p = Instance.new("Pose")
        p.Name = "Right Leg"
        p.CFrame = CFrame.new(1.28835487, 1.04010499, 0.0331875682, 0.834028602, 0.548547745, -0.0590713769, -0.542477429, 0.834858716, 0.0934336558, 0.100566596, -0.0458832905, 0.993869424)
        p.Parent = p
      end
      do
        local p = Instance.new("Pose")
        p.Name = "Left Arm"
        p.CFrame = CFrame.new(-0.0696105361, -0.160751045, -0.080023393, 0.567471266, 0.702823281, -0.428963304, -0.823361099, 0.47987923, -0.302974015, -0.00709080696, 0.525115728, 0.85099709)
        p.Parent = p
      end
    end
  end
end

do
  local k = Instance.new("Keyframe")
  k.Time = 0.1666666716337204
  k.Parent = KeyframeSequence
  do
    local p = Instance.new("Pose")
    p.Name = "HumanoidRootPart"
    p.CFrame = CFrame.new(0, 0, 0, 1, 0, 0, 0, 1, 0, 0, 0, 1)
    p.Parent = k
    do
      local p = Instance.new("Pose")
      p.Name = "Torso"
      p.CFrame = CFrame.new(-4.56166163e-08, -8.38190317e-09, 0.0157826357, 0.999956191, 0.00384113705, 0.00853638165, 0.00658829091, -0.936612189, -0.350306064, 0.00664970605, 0.350346953, -0.936596513)
      p.Parent = p
      do
        local p = Instance.new("Pose")
        p.Name = "Head"
        p.CFrame = CFrame.new(3.79048288e-07, 1.78813934e-07, 1.1920929e-06, 0.998810709, 0.0428295024, 0.0232981928, -0.0332852565, 0.948158383, -0.316049635, -0.0356265977, 0.314898431, 0.948456526)
        p.Parent = p
      end
      do
        local p = Instance.new("Pose")
        p.Name = "Left Leg"
        p.CFrame = CFrame.new(-0.471757472, 0.475021899, 0.138261348, 0.847134948, 0.512879968, 0.138985321, -0.508939922, 0.858322144, -0.0652980581, -0.1527839, -0.0154189132, 0.988137603)
        p.Parent = p
      end
      do
        local p = Instance.new("Pose")
        p.Name = "Right Arm"
        p.CFrame = CFrame.new(0.330396712, 0.13703832, -0.173324779, 0.425237238, -0.850001037, 0.310918868, 0.88265121, 0.465467304, 0.0653265566, -0.200250864, 0.246654555, 0.948187113)
        p.Parent = p
      end
      do
        local p = Instance.new("Pose")
        p.Name = "Right Leg"
        p.CFrame = CFrame.new(1.03494763, 0.362654805, 0.0283785164, 0.977044404, 0.204677328, -0.0590713918, -0.198725134, 0.975592017, 0.0934337005, 0.0767501593, -0.0795504898, 0.993867636)
        p.Parent = p
      end
      do
        local p = Instance.new("Pose")
        p.Name = "Left Arm"
        p.CFrame = CFrame.new(-0.204501688, 0.199873462, -0.0825783312, 0.348643839, 0.891990781, -0.287750274, -0.932074964, 0.297736794, -0.206372201, -0.0984079614, 0.340154529, 0.935204446)
        p.Parent = p
      end
    end
  end
end

do
  local k = Instance.new("Keyframe")
  k.Time = 0.24166665971279144
  k.Parent = KeyframeSequence
  do
    local p = Instance.new("Pose")
    p.Name = "HumanoidRootPart"
    p.CFrame = CFrame.new(0, 0, 0, 1, 0, 0, 0, 1, 0, 0, 0, 1)
    p.Parent = k
    do
      local p = Instance.new("Pose")
      p.Name = "Torso"
      p.CFrame = CFrame.new(-4.47325874e-07, -4.65661287e-08, -0.0974556059, 0.999954402, -0.00733892852, 0.00581067661, 0.00658829091, 0.110809684, -0.993819833, 0.00664970605, 0.993814647, 0.11085315)
      p.Parent = p
      do
        local p = Instance.new("Pose")
        p.Name = "Head"
        p.CFrame = CFrame.new(4.07919288e-07, 8.94069672e-08, 1.22189522e-06, 0.998810709, 0.0201473758, 0.0443988219, -0.0332852565, 0.947173834, 0.318988204, -0.0356265977, -0.320086658, 0.946718216)
        p.Parent = p
      end
      do
        local p = Instance.new("Pose")
        p.Name = "Left Leg"
        p.CFrame = CFrame.new(-0.436876178, 0.162149161, 0.140337437, 0.561129987, 0.815975666, 0.138985351, -0.81698668, 0.572947502, -0.065298073, -0.132912949, -0.0769084841, 0.988139391)
        p.Parent = p
      end
      do
        local p = Instance.new("Pose")
        p.Name = "Right Arm"
        p.CFrame = CFrame.new(0.562796652, 0.111114874, -0.171775341, 0.237229064, -0.971393943, 0.0107764956, 0.947897911, 0.233890548, 0.216297731, -0.212630838, -0.0410970971, 0.976267993)
        p.Parent = p
      end
      do
        local p = Instance.new("Pose")
        p.Name = "Right Leg"
        p.CFrame = CFrame.new(0.738785863, 0.836847603, 0.0289624035, 0.796254873, -0.602070272, -0.0590713657, 0.604886055, 0.790811718, 0.0934336558, -0.00953929313, -0.110128462, 0.993871629)
        p.Parent = p
      end
      do
        local p = Instance.new("Pose")
        p.Name = "Left Arm"
        p.CFrame = CFrame.new(-0.586470544, 0.156440705, -0.209724113, 0.0962685719, 0.993444324, -0.0616498068, -0.977793813, 0.0828050449, -0.192516565, -0.186149582, 0.0788141042, 0.979355335)
        p.Parent = p
      end
    end
  end
end

do
  local k = Instance.new("Keyframe")
  k.Time = 0.25
  k.Parent = KeyframeSequence
  do
    local p = Instance.new("Pose")
    p.Name = "HumanoidRootPart"
    p.CFrame = CFrame.new(0, 0, 0, 1, 0, 0, 0, 1, 0, 0, 0, 1)
    p.Parent = k
    do
      local p = Instance.new("Pose")
      p.Name = "Torso"
      p.CFrame = CFrame.new(-2.21002847e-06, -2.00700015e-06, -0.13849242, 0.999956191, -0.00733894203, 0.0058106822, 0.0065882802, 0.110808767, -0.993819952, 0.00664971163, 0.993814707, 0.110852264)
      p.Parent = p
      do
        local p = Instance.new("Pose")
        p.Name = "Head"
        p.CFrame = CFrame.new(4.09781933e-07, 8.94069672e-08, 1.22189522e-06, 0.998810709, 0.0201473292, 0.0443987995, -0.0332853049, 0.947173953, 0.318988234, -0.0356266275, -0.320086688, 0.946718156)
        p.Parent = p
      end
      do
        local p = Instance.new("Pose")
        p.Name = "Left Leg"
        p.CFrame = CFrame.new(-0.436876118, 0.162149161, 0.140337378, 0.561129928, 0.815975606, 0.138985366, -0.81698674, 0.572947502, -0.0652980804, -0.132912964, -0.0769084841, 0.988139272)
        p.Parent = p
      end
      do
        local p = Instance.new("Pose")
        p.Name = "Right Arm"
        p.CFrame = CFrame.new(0.562796712, 0.111114919, -0.171775311, 0.237229049, -0.971394062, 0.0107764974, 0.94789803, 0.233890533, 0.216297746, -0.212630868, -0.0410970971, 0.976267993)
        p.Parent = p
      end
      do
        local p = Instance.new("Pose")
        p.Name = "Right Leg"
        p.CFrame = CFrame.new(0.738785803, 0.836847603, 0.0289623737, 0.796254933, -0.602070332, -0.0590713695, 0.604886055, 0.790811658, 0.0934336483, -0.00953930058, -0.110128447, 0.993871629)
        p.Parent = p
      end
      do
        local p = Instance.new("Pose")
        p.Name = "Left Arm"
        p.CFrame = CFrame.new(-0.586470544, 0.15644069, -0.209724158, 0.0962685347, 0.993444383, -0.0616497956, -0.977793872, 0.0828050375, -0.19251658, -0.186149582, 0.0788141042, 0.979355216)
        p.Parent = p
      end
    end
  end
end

do
  local k = Instance.new("Keyframe")
  k.Time = 0.25833332538604736
  k.Parent = KeyframeSequence
  do
    local p = Instance.new("Pose")
    p.Name = "HumanoidRootPart"
    p.CFrame = CFrame.new(0, 0, 0, 1, 0, 0, 0, 1, 0, 0, 0, 1)
    p.Parent = k
    do
      local p = Instance.new("Pose")
      p.Name = "Torso"
      p.CFrame = CFrame.new(-3.9730221e-06, -3.96743417e-06, -0.17952919, 0.999954402, -0.00733892852, 0.00581067661, 0.00658829091, 0.110809684, -0.993819833, 0.00664970605, 0.993814647, 0.11085315)
      p.Parent = p
      do
        local p = Instance.new("Pose")
        p.Name = "Head"
        p.CFrame = CFrame.new(4.07919288e-07, 8.94069672e-08, 1.22189522e-06, 0.998810709, 0.0201473758, 0.0443988219, -0.0332852565, 0.947173834, 0.318988204, -0.0356265977, -0.320086658, 0.946718216)
        p.Parent = p
      end
      do
        local p = Instance.new("Pose")
        p.Name = "Left Leg"
        p.CFrame = CFrame.new(-0.436876178, 0.162149161, 0.140337437, 0.561129987, 0.815975666, 0.138985351, -0.81698668, 0.572947502, -0.065298073, -0.132912949, -0.0769084841, 0.988139391)
        p.Parent = p
      end
      do
        local p = Instance.new("Pose")
        p.Name = "Right Arm"
        p.CFrame = CFrame.new(0.562796652, 0.111114874, -0.171775341, 0.237229064, -0.971393943, 0.0107764956, 0.947897911, 0.233890548, 0.216297731, -0.212630838, -0.0410970971, 0.976267993)
        p.Parent = p
      end
      do
        local p = Instance.new("Pose")
        p.Name = "Right Leg"
        p.CFrame = CFrame.new(0.738785863, 0.836847603, 0.0289624035, 0.796254873, -0.602070272, -0.0590713657, 0.604886055, 0.790811718, 0.0934336558, -0.00953929313, -0.110128462, 0.993871629)
        p.Parent = p
      end
      do
        local p = Instance.new("Pose")
        p.Name = "Left Arm"
        p.CFrame = CFrame.new(-0.586470544, 0.156440705, -0.209724113, 0.0962685719, 0.993444324, -0.0616498068, -0.977793813, 0.0828050449, -0.192516565, -0.186149582, 0.0788141042, 0.979355335)
        p.Parent = p
      end
    end
  end
end

do
  local k = Instance.new("Keyframe")
  k.Time = 0.2666666805744171
  k.Parent = KeyframeSequence
  do
    local p = Instance.new("Pose")
    p.Name = "HumanoidRootPart"
    p.CFrame = CFrame.new(0, 0, 0, 1, 0, 0, 0, 1, 0, 0, 0, 1)
    p.Parent = k
    do
      local p = Instance.new("Pose")
      p.Name = "Torso"
      p.CFrame = CFrame.new(-4.47325874e-07, -4.65661287e-08, -0.0974556059, 0.999954402, -0.00733892852, 0.00581067661, 0.00658829091, 0.110809684, -0.993819833, 0.00664970605, 0.993814647, 0.11085315)
      p.Parent = p
      do
        local p = Instance.new("Pose")
        p.Name = "Head"
        p.CFrame = CFrame.new(4.07919288e-07, 8.94069672e-08, 1.22189522e-06, 0.998810709, 0.0201473758, 0.0443988219, -0.0332852565, 0.947173834, 0.318988204, -0.0356265977, -0.320086658, 0.946718216)
        p.Parent = p
      end
      do
        local p = Instance.new("Pose")
        p.Name = "Left Leg"
        p.CFrame = CFrame.new(-0.436876178, 0.162149161, 0.140337437, 0.561129987, 0.815975666, 0.138985351, -0.81698668, 0.572947502, -0.065298073, -0.132912949, -0.0769084841, 0.988139391)
        p.Parent = p
      end
      do
        local p = Instance.new("Pose")
        p.Name = "Right Arm"
        p.CFrame = CFrame.new(0.562796652, 0.111114874, -0.171775341, 0.237229064, -0.971393943, 0.0107764956, 0.947897911, 0.233890548, 0.216297731, -0.212630838, -0.0410970971, 0.976267993)
        p.Parent = p
      end
      do
        local p = Instance.new("Pose")
        p.Name = "Right Leg"
        p.CFrame = CFrame.new(0.738785863, 0.836847603, 0.0289624035, 0.796254873, -0.602070272, -0.0590713657, 0.604886055, 0.790811718, 0.0934336558, -0.00953929313, -0.110128462, 0.993871629)
        p.Parent = p
      end
      do
        local p = Instance.new("Pose")
        p.Name = "Left Arm"
        p.CFrame = CFrame.new(-0.586470544, 0.156440705, -0.209724113, 0.0962685719, 0.993444324, -0.0616498068, -0.977793813, 0.0828050449, -0.192516565, -0.186149582, 0.0788141042, 0.979355335)
        p.Parent = p
      end
    end
  end
end

do
  local k = Instance.new("Keyframe")
  k.Time = 0.2750000059604645
  k.Parent = KeyframeSequence
  do
    local p = Instance.new("Pose")
    p.Name = "HumanoidRootPart"
    p.CFrame = CFrame.new(0, 0, 0, 1, 0, 0, 0, 1, 0, 0, 0, 1)
    p.Parent = k
    do
      local p = Instance.new("Pose")
      p.Name = "Torso"
      p.CFrame = CFrame.new(-3.03848065e-05, -0.00267213676, -0.0974680856, 0.999956191, -0.00753469393, 0.0055545019, 0.0065882802, 0.144967571, -0.989414632, 0.0066497121, 0.989407837, 0.145010859)
      p.Parent = p
      do
        local p = Instance.new("Pose")
        p.Name = "Head"
        p.CFrame = CFrame.new(4.09781933e-07, 1.04308128e-07, 1.28149986e-06, 0.998810709, 0.020311296, 0.0443240255, -0.0332853049, 0.948346555, 0.31548512, -0.0356266275, -0.316585243, 0.947894812)
        p.Parent = p
      end
      do
        local p = Instance.new("Pose")
        p.Name = "Left Leg"
        p.CFrame = CFrame.new(-0.427427113, 0.155189693, 0.136864454, 0.584198058, 0.800136209, 0.135995045, -0.801108003, 0.595355093, -0.0614686124, -0.130148605, -0.0730368644, 0.988800764)
        p.Parent = p
      end
      do
        local p = Instance.new("Pose")
        p.Name = "Right Arm"
        p.CFrame = CFrame.new(0.547873497, 0.101695865, -0.166225076, 0.258486629, -0.965954781, 0.0107765272, 0.942537665, 0.254633367, 0.216297746, -0.211677879, -0.045752801, 0.976267993)
        p.Parent = p
      end
      do
        local p = Instance.new("Pose")
        p.Name = "Right Leg"
        p.CFrame = CFrame.new(0.734313607, 0.820307791, 0.0289098918, 0.801283956, -0.595440567, -0.0582624674, 0.598225296, 0.796030283, 0.0919905454, -0.00839621387, -0.10856463, 0.99405396)
        p.Parent = p
      end
      do
        local p = Instance.new("Pose")
        p.Name = "Left Arm"
        p.CFrame = CFrame.new(-0.569576979, 0.144891426, -0.204451203, 0.116524577, 0.991919398, -0.050179325, -0.976645827, 0.105254829, -0.187308058, -0.180512875, 0.0708334297, 0.981018722)
        p.Parent = p
      end
    end
  end
end

do
  local k = Instance.new("Keyframe")
  k.Time = 0.28333333134651184
  k.Parent = KeyframeSequence
  do
    local p = Instance.new("Pose")
    p.Name = "HumanoidRootPart"
    p.CFrame = CFrame.new(0, 0, 0, 1, 0, 0, 0, 1, 0, 0, 0, 1)
    p.Parent = k
    do
      local p = Instance.new("Pose")
      p.Name = "Torso"
      p.CFrame = CFrame.new(-0.00012019783, -0.0106884008, -0.0975054353, 0.999956191, -0.00806744304, 0.00474767806, 0.00658828067, 0.246251583, -0.969183564, 0.00664970977, 0.969172359, 0.246293947)
      p.Parent = p
      do
        local p = Instance.new("Pose")
        p.Name = "Head"
        p.CFrame = CFrame.new(4.06056643e-07, 8.94069672e-08, 1.22189522e-06, 0.998810709, 0.0208015367, 0.0440960862, -0.0332853124, 0.951786458, 0.304950148, -0.0356266312, -0.306055218, 0.951346874)
        p.Parent = p
      end
      do
        local p = Instance.new("Pose")
        p.Name = "Left Leg"
        p.CFrame = CFrame.new(-0.399079919, 0.134311557, 0.126445442, 0.650555253, 0.748868942, 0.126384944, -0.749724269, 0.659820795, -0.050498493, -0.121208169, -0.0619018003, 0.990695119)
        p.Parent = p
      end
      do
        local p = Instance.new("Pose")
        p.Name = "Right Arm"
        p.CFrame = CFrame.new(0.50310421, 0.0734386742, -0.149574399, 0.321471453, -0.946857989, 0.0107765272, 0.923745096, 0.316086054, 0.216297746, -0.208209544, -0.0595788062, 0.976267934)
        p.Parent = p
      end
      do
        local p = Instance.new("Pose")
        p.Name = "Right Leg"
        p.CFrame = CFrame.new(0.720897138, 0.770688534, 0.0287525356, 0.816034555, -0.575292826, -0.0559085384, 0.577981114, 0.811332703, 0.0876192674, -0.00504630245, -0.103814431, 0.994583845)
        p.Parent = p
      end
      do
        local p = Instance.new("Pose")
        p.Name = "Left Arm"
        p.CFrame = CFrame.new(-0.518896043, 0.110243872, -0.188632458, 0.177307844, 0.984018207, -0.0164318457, -0.970297813, 0.171994865, -0.170116886, -0.164571941, 0.0461068414, 0.985286891)
        p.Parent = p
      end
    end
  end
end

do
  local k = Instance.new("Keyframe")
  k.Time = 0.2916666567325592
  k.Parent = KeyframeSequence
  do
    local p = Instance.new("Pose")
    p.Name = "HumanoidRootPart"
    p.CFrame = CFrame.new(0, 0, 0, 1, 0, 0, 0, 1, 0, 0, 0, 1)
    p.Parent = k
    do
      local p = Instance.new("Pose")
      p.Name = "Torso"
      p.CFrame = CFrame.new(-0.000269885873, -0.0240488406, -0.0975677148, 0.999956131, -0.00876171142, 0.00329491822, 0.00658828067, 0.408698648, -0.912645578, 0.00664970884, 0.912627339, 0.408738464)
      p.Parent = p
      do
        local p = Instance.new("Pose")
        p.Name = "Head"
        p.CFrame = CFrame.new(4.15369868e-07, 1.04308128e-07, 1.34110451e-06, 0.998810709, 0.0216128714, 0.0437041409, -0.0332853049, 0.957259417, 0.28730908, -0.0356266238, -0.288422078, 0.956840336)
        p.Parent = p
      end
      do
        local p = Instance.new("Pose")
        p.Name = "Left Leg"
        p.CFrame = CFrame.new(-0.351835012, 0.0995144844, 0.109080523, 0.750632942, 0.651767552, 0.108394787, -0.652435958, 0.757075846, -0.0341119729, -0.104296148, -0.0451150723, 0.993522525)
        p.Parent = p
      end
      do
        local p = Instance.new("Pose")
        p.Name = "Right Arm"
        p.CFrame = CFrame.new(0.428488433, 0.0263433754, -0.121823162, 0.423219264, -0.905963361, 0.010776557, 0.883579075, 0.415335417, 0.216297776, -0.200433701, -0.0820194706, 0.976267993)
        p.Parent = p
      end
      do
        local p = Instance.new("Pose")
        p.Name = "Right Leg"
        p.CFrame = CFrame.new(0.698536277, 0.687989652, 0.0284900069, 0.839476109, -0.540880501, -0.0522312485, 0.543396533, 0.835636377, 0.0802003816, 0.000267509371, -0.0957085863, 0.995409369)
        p.Parent = p
      end
      do
        local p = Instance.new("Pose")
        p.Name = "Left Arm"
        p.CFrame = CFrame.new(-0.434428275, 0.0524979085, -0.162267953, 0.277950287, 0.95987457, 0.0372084901, -0.950129092, 0.28041786, -0.136457473, -0.141415983, 0.00257552415, 0.989946902)
        p.Parent = p
      end
    end
  end
end

do
  local k = Instance.new("Keyframe")
  k.Time = 0.30000001192092896
  k.Parent = KeyframeSequence
  do
    local p = Instance.new("Pose")
    p.Name = "HumanoidRootPart"
    p.CFrame = CFrame.new(0, 0, 0, 1, 0, 0, 0, 1, 0, 0, 0, 1)
    p.Parent = k
    do
      local p = Instance.new("Pose")
      p.Name = "Torso"
      p.CFrame = CFrame.new(-0.000479449343, -0.042753458, -0.0976549163, 0.999956191, -0.00929502863, 0.00110748573, 0.00658828253, 0.614798248, -0.78865701, 0.00664970838, 0.788629711, 0.61483252)
      p.Parent = p
      do
        local p = Instance.new("Pose")
        p.Name = "Head"
        p.CFrame = CFrame.new(4.20957804e-07, 1.34110451e-07, 1.43051147e-06, 0.998810709, 0.0227362923, 0.0431303829, -0.0332853124, 0.96437186, 0.262448132, -0.0356266275, -0.26357162, 0.963981748)
        p.Parent = p
      end
      do
        local p = Instance.new("Pose")
        p.Name = "Left Leg"
        p.CFrame = CFrame.new(-0.28569144, 0.050798893, 0.0847696662, 0.865424812, 0.49466303, 0.0796771273, -0.495091051, 0.868699551, -0.0156819336, -0.0769727603, -0.0258758999, 0.996697366)
        p.Parent = p
      end
      do
        local p = Instance.new("Pose")
        p.Name = "Right Arm"
        p.CFrame = CFrame.new(0.324026108, -0.0395899266, -0.0829716027, 0.556852698, -0.830541432, 0.0107766092, 0.809626997, 0.545636773, 0.216297746, -0.185524344, -0.111720949, 0.976267934)
        p.Parent = p
      end
      do
        local p = Instance.new("Pose")
        p.Name = "Right Leg"
        p.CFrame = CFrame.new(0.667230964, 0.572211087, 0.0281226635, 0.869822145, -0.491062731, -0.0476107858, 0.493313938, 0.867065847, 0.0695568919, 0.00712488964, -0.0839891881, 0.996441185)
        p.Parent = p
      end
      do
        local p = Instance.new("Pose")
        p.Name = "Left Arm"
        p.CFrame = CFrame.new(-0.316173375, -0.0283466876, -0.125357568, 0.41498512, 0.903687477, 0.105529651, -0.902311444, 0.423657715, -0.0796775222, -0.116712034, -0.0621555857, 0.991218925)
        p.Parent = p
      end
    end
  end
end

do
  local k = Instance.new("Keyframe")
  k.Time = 0.3083333373069763
  k.Parent = KeyframeSequence
  do
    local p = Instance.new("Pose")
    p.Name = "HumanoidRootPart"
    p.CFrame = CFrame.new(0, 0, 0, 1, 0, 0, 0, 1, 0, 0, 0, 1)
    p.Parent = k
    do
      local p = Instance.new("Pose")
      p.Name = "Torso"
      p.CFrame = CFrame.new(-0.000689012813, -0.0614580773, -0.0977421105, 0.999956191, -0.00929059926, -0.00114401896, 0.00658828067, 0.785330176, -0.619042158, 0.00664970512, 0.619007468, 0.785356939)
      p.Parent = p
      do
        local p = Instance.new("Pose")
        p.Name = "Head"
        p.CFrame = CFrame.new(4.20957804e-07, 1.34110451e-07, 1.4603138e-06, 0.998810709, 0.0238444861, 0.0425277427, -0.0332853124, 0.970838726, 0.237411514, -0.0356266275, -0.238544717, 0.970477819)
        p.Parent = p
      end
      do
        local p = Instance.new("Pose")
        p.Name = "Left Leg"
        p.CFrame = CFrame.new(-0.219548136, 0.00208288431, 0.0604586899, 0.94673866, 0.318427294, 0.0478545427, -0.31864807, 0.94786793, -0.00314638624, -0.0463616773, -0.0122699495, 0.998849392)
        p.Parent = p
      end
      do
        local p = Instance.new("Pose")
        p.Name = "Right Arm"
        p.CFrame = CFrame.new(0.219563961, -0.105523199, -0.0441199541, 0.677372813, -0.735561013, 0.0107766613, 0.716609001, 0.663088918, 0.216297746, -0.166246057, -0.138791561, 0.976267993)
        p.Parent = p
      end
      do
        local p = Instance.new("Pose")
        p.Name = "Right Leg"
        p.CFrame = CFrame.new(0.635925889, 0.456432611, 0.0277553201, 0.897185802, -0.439493835, -0.0436209366, 0.441453516, 0.895365357, 0.058648333, 0.0132810976, -0.0718750656, 0.997325182)
        p.Parent = p
      end
      do
        local p = Instance.new("Pose")
        p.Name = "Left Arm"
        p.CFrame = CFrame.new(-0.197918057, -0.109191, -0.0884471834, 0.54396069, 0.822890997, 0.164186388, -0.832933068, 0.553218007, -0.0131271221, -0.101633072, -0.129615635, 0.986341953)
        p.Parent = p
      end
    end
  end
end

do
  local k = Instance.new("Keyframe")
  k.Time = 0.3166666626930237
  k.Parent = KeyframeSequence
  do
    local p = Instance.new("Pose")
    p.Name = "HumanoidRootPart"
    p.CFrame = CFrame.new(0, 0, 0, 1, 0, 0, 0, 1, 0, 0, 0, 1)
    p.Parent = k
    do
      local p = Instance.new("Pose")
      p.Name = "Torso"
      p.CFrame = CFrame.new(-0.000838700798, -0.0748185366, -0.0978044048, 0.999956191, -0.00895710941, -0.00271923491, 0.00658828299, 0.879798412, -0.475301415, 0.00664970465, 0.475262672, 0.879818857)
      p.Parent = p
      do
        local p = Instance.new("Pose")
        p.Name = "Head"
        p.CFrame = CFrame.new(4.22820449e-07, 1.34110451e-07, 1.43051147e-06, 0.998810709, 0.024626324, 0.0420798361, -0.0332853124, 0.975060284, 0.21942991, -0.0356266275, -0.220569581, 0.974720359)
        p.Parent = p
      end
      do
        local p = Instance.new("Pose")
        p.Name = "Left Leg"
        p.CFrame = CFrame.new(-0.172302797, -0.0327138305, 0.0430938005, 0.982525647, 0.184586182, 0.0239016395, -0.184683725, 0.982796133, 0.00192046165, -0.0231359471, -0.006301146, 0.999712467)
        p.Parent = p
      end
      do
        local p = Instance.new("Pose")
        p.Name = "Right Arm"
        p.CFrame = CFrame.new(0.144948035, -0.152618408, -0.0163686872, 0.753843546, -0.656965554, 0.0107766911, 0.639691532, 0.737570345, 0.216297701, -0.150048703, -0.156160876, 0.976267993)
        p.Parent = p
      end
      do
        local p = Instance.new("Pose")
        p.Name = "Right Leg"
        p.CFrame = CFrame.new(0.613564909, 0.373733699, 0.0274928212, 0.914850175, -0.401689649, -0.0411652103, 0.403425395, 0.913605988, 0.0507159941, 0.0172366947, -0.0630046278, 0.997864366)
        p.Parent = p
      end
      do
        local p = Instance.new("Pose")
        p.Name = "Left Arm"
        p.CFrame = CFrame.new(-0.113450199, -0.166937053, -0.0620827079, 0.629087687, 0.751371741, 0.199221626, -0.771257758, 0.63530606, 0.0393417031, -0.0970064849, -0.178400591, 0.979164422)
        p.Parent = p
      end
    end
  end
end

do
  local k = Instance.new("Keyframe")
  k.Time = 0.32499998807907104
  k.Parent = KeyframeSequence
  do
    local p = Instance.new("Pose")
    p.Name = "HumanoidRootPart"
    p.CFrame = CFrame.new(0, 0, 0, 1, 0, 0, 0, 1, 0, 0, 0, 1)
    p.Parent = k
    do
      local p = Instance.new("Pose")
      p.Name = "Torso"
      p.CFrame = CFrame.new(-0.000928513589, -0.0828347802, -0.0978417844, 0.999956191, -0.00862884335, -0.00362864649, 0.00658828206, 0.924132347, -0.382015735, 0.00664970325, 0.381975085, 0.924148738)
      p.Parent = p
      do
        local p = Instance.new("Pose")
        p.Name = "Head"
        p.CFrame = CFrame.new(4.26545739e-07, 1.56462193e-07, 1.49011612e-06, 0.998810709, 0.0250914078, 0.0418041833, -0.0332853124, 0.977433503, 0.208604589, -0.0356266238, -0.209747955, 0.977106214)
        p.Parent = p
      end
      do
        local p = Instance.new("Pose")
        p.Name = "Left Leg"
        p.CFrame = CFrame.new(-0.143955648, -0.0535920262, 0.0326748788, 0.994704425, 0.10235814, 0.00926671829, -0.10239286, 0.99473834, 0.00335137057, -0.0088749202, -0.00428246893, 0.999951422)
        p.Parent = p
      end
      do
        local p = Instance.new("Pose")
        p.Name = "Right Arm"
        p.CFrame = CFrame.new(0.100178599, -0.180875599, 0.000281989574, 0.795428753, -0.605951309, 0.0107766986, 0.589785218, 0.778054476, 0.216297716, -0.139450744, -0.165693492, 0.976267993)
        p.Parent = p
      end
      do
        local p = Instance.new("Pose")
        p.Name = "Right Leg"
        p.CFrame = CFrame.new(0.600148559, 0.324114382, 0.0273353755, 0.924680471, -0.378652692, -0.039851658, 0.380247951, 0.923744559, 0.0459073633, 0.0194298066, -0.0576031506, 0.998150468)
        p.Parent = p
      end
      do
        local p = Instance.new("Pose")
        p.Name = "Left Arm"
        p.CFrame = CFrame.new(-0.0627694428, -0.201584756, -0.0462638736, 0.676756144, 0.70342505, 0.217242599, -0.729825258, 0.679785848, 0.0724318996, -0.0967280269, -0.207567871, 0.97342658)
        p.Parent = p
      end
    end
  end
end

do
  local k = Instance.new("Keyframe")
  k.Time = 0.3333333432674408
  k.Parent = KeyframeSequence
  do
    local p = Instance.new("Pose")
    p.Name = "HumanoidRootPart"
    p.CFrame = CFrame.new(0, 0, 0, 1, 0, 0, 0, 1, 0, 0, 0, 1)
    p.Parent = k
    do
      local p = Instance.new("Pose")
      p.Name = "Torso"
      p.CFrame = CFrame.new(-0.000958451303, -0.0855068713, -0.0978542268, 0.999952614, -0.00849873945, -0.00392363686, 0.00658829091, 0.936739922, -0.349964023, 0.00664970605, 0.349922895, 0.936754942)
      p.Parent = p
      do
        local p = Instance.new("Pose")
        p.Name = "Head"
        p.CFrame = CFrame.new(4.26545739e-07, 1.56462193e-07, 1.49011612e-06, 0.998810709, 0.025245795, 0.0417111702, -0.0332852565, 0.978197753, 0.204990372, -0.0356265977, -0.2061349, 0.977874935)
        p.Parent = p
      end
      do
        local p = Instance.new("Pose")
        p.Name = "Left Leg"
        p.CFrame = CFrame.new(-0.134506613, -0.0605514646, 0.0292018652, 0.997192204, 0.0747577846, 0.00436763838, -0.0747735128, 0.997194231, 0.00355723407, -0.00408945233, -0.0038738295, 0.999984145)
        p.Parent = p
      end
      do
        local p = Instance.new("Pose")
        p.Name = "Right Arm"
        p.CFrame = CFrame.new(0.0852554142, -0.190294623, 0.00583219528, 0.808533251, -0.588351965, 0.0107766995, 0.57257098, 0.79080832, 0.216297716, -0.135781497, -0.16871348, 0.976268053)
        p.Parent = p
      end
      do
        local p = Instance.new("Pose")
        p.Name = "Right Leg"
        p.CFrame = CFrame.new(0.595676303, 0.30757457, 0.0272828937, 0.927827716, -0.370918006, -0.0394406542, 0.372465432, 0.926988363, 0.0442969911, 0.0201304741, -0.0557902642, 0.998239517)
        p.Parent = p
      end
      do
        local p = Instance.new("Pose")
        p.Name = "Left Arm"
        p.CFrame = CFrame.new(-0.0458758771, -0.213133901, -0.0409910083, 0.692020595, 0.686658561, 0.222727522, -0.715323925, 0.693763196, 0.0836917311, -0.0970525146, -0.217238724, 0.971281767)
        p.Parent = p
      end
    end
  end
end

do
  local k = Instance.new("Keyframe")
  k.Time = 0.34166666865348816
  k.Parent = KeyframeSequence
  do
    local p = Instance.new("Pose")
    p.Name = "HumanoidRootPart"
    p.CFrame = CFrame.new(0, 0, 0, 1, 0, 0, 0, 1, 0, 0, 0, 1)
    p.Parent = k
    do
      local p = Instance.new("Pose")
      p.Name = "Torso"
      p.CFrame = CFrame.new(-0.00247819559, -0.0751527771, -0.0860046297, 0.99987334, 0.00837388635, -0.0135373734, -0.0119400285, 0.956972301, -0.289933562, 0.0105270203, 0.290058494, 0.956951022)
      p.Parent = p
      do
        local p = Instance.new("Pose")
        p.Name = "Head"
        p.CFrame = CFrame.new(4.15369868e-07, 1.34110451e-07, 1.40070915e-06, 0.998908937, -0.00621640403, 0.0462842323, -0.00265855715, 0.98192364, 0.189258665, -0.0466240905, -0.189175218, 0.980835795)
        p.Parent = p
      end
      do
        local p = Instance.new("Pose")
        p.Name = "Left Leg"
        p.CFrame = CFrame.new(-0.167864114, -0.0279573202, 0.0440504253, 0.997241616, 0.0495601781, 0.0552528575, -0.0493318029, 0.998767316, -0.00549042318, -0.0554568544, 0.00274955574, 0.998457253)
        p.Parent = p
      end
      do
        local p = Instance.new("Pose")
        p.Name = "Right Arm"
        p.CFrame = CFrame.new(0.072543174, -0.182269126, 0.0134055018, 0.804410577, -0.594073653, -0.000384073704, 0.583626747, 0.790143788, 0.187223643, -0.110921144, -0.150828838, 0.982317269)
        p.Parent = p
      end
      do
        local p = Instance.new("Pose")
        p.Name = "Right Leg"
        p.CFrame = CFrame.new(0.59466517, 0.255242527, 0.0236628056, 0.95963639, -0.28120786, -0.00449296692, 0.280800581, 0.957105398, 0.0714163855, -0.0157826077, -0.0697953925, 0.997436464)
        p.Parent = p
      end
      do
        local p = Instance.new("Pose")
        p.Name = "Left Arm"
        p.CFrame = CFrame.new(-0.0531787872, -0.199507117, -0.0096270442, 0.686020613, 0.713608801, 0.141909629, -0.727332532, 0.677723885, 0.108064145, -0.0190600529, -0.177349716, 0.983963311)
        p.Parent = p
      end
    end
  end
end

do
  local k = Instance.new("Keyframe")
  k.Time = 0.3499999940395355
  k.Parent = KeyframeSequence
  do
    local p = Instance.new("Pose")
    p.Name = "HumanoidRootPart"
    p.CFrame = CFrame.new(0, 0, 0, 1, 0, 0, 0, 1, 0, 0, 0, 1)
    p.Parent = k
    do
      local p = Instance.new("Pose")
      p.Name = "Torso"
      p.CFrame = CFrame.new(-0.00389989186, -0.0654666945, -0.0749195218, 0.99946332, 0.0246758051, -0.0215449091, -0.029014755, 0.972147107, -0.232568786, 0.0152059998, 0.233069077, 0.972341299)
      p.Parent = p
      do
        local p = Instance.new("Pose")
        p.Name = "Head"
        p.CFrame = CFrame.new(4.07919288e-07, 1.1920929e-07, 1.40070915e-06, 0.998064339, -0.0355676226, 0.051014699, 0.0261507723, 0.984287083, 0.174628139, -0.0564242154, -0.172956049, 0.983312011)
        p.Parent = p
      end
      do
        local p = Instance.new("Pose")
        p.Name = "Left Leg"
        p.CFrame = CFrame.new(-0.19906956, 0.00253409147, 0.0579409599, 0.994342208, 0.026293546, 0.102918081, -0.0251112394, 0.999603093, -0.0127669079, -0.10321293, 0.0101102749, 0.994607866)
        p.Parent = p
      end
      do
        local p = Instance.new("Pose")
        p.Name = "Right Arm"
        p.CFrame = CFrame.new(0.0606509447, -0.174761355, 0.0204902291, 0.800250173, -0.599572122, -0.0106307082, 0.593260944, 0.788993597, 0.159783259, -0.0874140114, -0.134173378, 0.987094879)
        p.Parent = p
      end
      do
        local p = Instance.new("Pose")
        p.Name = "Right Leg"
        p.CFrame = CFrame.new(0.593719304, 0.206286728, 0.0202761292, 0.980244994, -0.195437893, 0.0303936023, 0.191879138, 0.976947546, 0.0935728624, -0.0479806364, -0.0858924314, 0.99514842)
        p.Parent = p
      end
      do
        local p = Instance.new("Pose")
        p.Name = "Left Arm"
        p.CFrame = CFrame.new(-0.0600104034, -0.186759442, 0.0197134018, 0.674334884, 0.735474169, 0.0659561232, -0.736486971, 0.66340816, 0.13219896, 0.0534730814, -0.137722194, 0.989026427)
        p.Parent = p
      end
    end
  end
end

do
  local k = Instance.new("Keyframe")
  k.Time = 0.3583333194255829
  k.Parent = KeyframeSequence
  do
    local p = Instance.new("Pose")
    p.Name = "HumanoidRootPart"
    p.CFrame = CFrame.new(0, 0, 0, 1, 0, 0, 0, 1, 0, 0, 0, 1)
    p.Parent = k
    do
      local p = Instance.new("Pose")
      p.Name = "Torso"
      p.CFrame = CFrame.new(-0.00522353966, -0.0564486198, -0.064598918, 0.998794079, 0.0402474329, -0.0281157978, -0.044628799, 0.982962072, -0.178308383, 0.0204603076, 0.179348126, 0.9835729)
      p.Parent = p
      do
        local p = Instance.new("Pose")
        p.Name = "Head"
        p.CFrame = CFrame.new(3.96743417e-07, 8.94069672e-08, 1.34110451e-06, 0.996465027, -0.0627937913, 0.0558071621, 0.0530812144, 0.98551017, 0.161096677, -0.0651143938, -0.157564893, 0.98535955)
        p.Parent = p
      end
      do
        local p = Instance.new("Pose")
        p.Name = "Left Leg"
        p.CFrame = CFrame.new(-0.22812289, 0.0309224129, 0.0708735287, 0.989090383, 0.00495762611, 0.147226244, -0.00225911103, 0.999826491, -0.0184905957, -0.147292376, 0.0179562699, 0.988929987)
        p.Parent = p
      end
      do
        local p = Instance.new("Pose")
        p.Name = "Right Arm"
        p.CFrame = CFrame.new(0.0495789647, -0.167771399, 0.0270861983, 0.796116233, -0.604813337, -0.0199934673, 0.601606965, 0.787464499, 0.134047866, -0.0653297827, -0.118745893, 0.990773141)
        p.Parent = p
      end
      do
        local p = Instance.new("Pose")
        p.Name = "Right Leg"
        p.CFrame = CFrame.new(0.592838764, 0.160707295, 0.0171231329, 0.991303682, -0.114713192, 0.064481549, 0.107097447, 0.98800844, 0.111217953, -0.0764664784, -0.103344955, 0.991701901)
        p.Parent = p
      end
      do
        local p = Instance.new("Pose")
        p.Name = "Left Arm"
        p.CFrame = CFrame.new(-0.0663708746, -0.174890906, 0.0470302701, 0.658250511, 0.752785027, -0.00458130985, -0.743145287, 0.650768757, 0.15567641, 0.12017224, -0.0990694985, 0.987797439)
        p.Parent = p
      end
    end
  end
end

do
  local k = Instance.new("Keyframe")
  k.Time = 0.36666667461395264
  k.Parent = KeyframeSequence
  do
    local p = Instance.new("Pose")
    p.Name = "HumanoidRootPart"
    p.CFrame = CFrame.new(0, 0, 0, 1, 0, 0, 0, 1, 0, 0, 0, 1)
    p.Parent = k
    do
      local p = Instance.new("Pose")
      p.Name = "Torso"
      p.CFrame = CFrame.new(-0.00644913968, -0.0480985418, -0.0550427847, 0.997929156, 0.054958351, -0.0334200375, -0.0587966368, 0.9900949, -0.127495319, 0.026082078, 0.129196286, 0.991275966)
      p.Parent = p
      do
        local p = Instance.new("Pose")
        p.Name = "Head"
        p.CFrame = CFrame.new(3.81842256e-07, 5.96046448e-08, 1.28149986e-06, 0.994286537, -0.0878923088, 0.0605742037, 0.0780856907, 0.985801041, 0.148657009, -0.0727799237, -0.143077686, 0.987031877)
        p.Parent = p
      end
      do
        local p = Instance.new("Pose")
        p.Name = "Left Leg"
        p.CFrame = CFrame.new(-0.255024135, 0.0572078824, 0.0828481317, 0.982044697, -0.014469509, 0.188092738, 0.0191085674, 0.999555767, -0.0228737518, -0.187678188, 0.0260572284, 0.981884897)
        p.Parent = p
      end
      do
        local p = Instance.new("Pose")
        p.Name = "Right Arm"
        p.CFrame = CFrame.new(0.0393269658, -0.161299139, 0.0331937075, 0.792067528, -0.609767616, -0.0285036378, 0.608792722, 0.785655558, 0.11007604, -0.0447267704, -0.104540467, 0.993514359)
        p.Parent = p
      end
      do
        local p = Instance.new("Pose")
        p.Name = "Right Leg"
        p.CFrame = CFrame.new(0.592023373, 0.118503928, 0.0142037272, 0.994470537, -0.0398156568, 0.0971753225, 0.0275076833, 0.991792977, 0.124859981, -0.101349182, -0.121496506, 0.987404108)
        p.Parent = p
      end
      do
        local p = Instance.new("Pose")
        p.Name = "Left Arm"
        p.CFrame = CFrame.new(-0.0722602904, -0.163901508, 0.0723238587, 0.638969779, 0.766098857, -0.0693560094, -0.747669935, 0.639727473, 0.178152815, 0.180851594, -0.0619788729, 0.981555581)
        p.Parent = p
      end
    end
  end
end

do
  local k = Instance.new("Keyframe")
  k.Time = 0.375
  k.Parent = KeyframeSequence
  do
    local p = Instance.new("Pose")
    p.Name = "HumanoidRootPart"
    p.CFrame = CFrame.new(0, 0, 0, 1, 0, 0, 0, 1, 0, 0, 0, 1)
    p.Parent = k
    do
      local p = Instance.new("Pose")
      p.Name = "Torso"
      p.CFrame = CFrame.new(-0.00757669192, -0.0404164717, -0.046251148, 0.996927381, 0.0687041059, -0.0376242213, -0.0715495124, 0.994192243, -0.080389075, 0.0318826474, 0.0828340575, 0.996053219)
      p.Parent = p
      do
        local p = Instance.new("Pose")
        p.Name = "Head"
        p.CFrame = CFrame.new(3.7252903e-07, 4.47034836e-08, 1.25169754e-06, 0.99169153, -0.11086987, 0.0652361736, 0.101129487, 0.985353768, 0.137297913, -0.0795029178, -0.129559889, 0.98837924)
        p.Parent = p
      end
      do
        local p = Instance.new("Pose")
        p.Name = "Left Leg"
        p.CFrame = CFrame.new(-0.279773235, 0.0813906193, 0.0938647985, 0.973722041, -0.0320265554, 0.225476399, 0.0389029868, 0.998901546, -0.0261194669, -0.22439222, 0.0342048071, 0.973898411)
        p.Parent = p
      end
      do
        local p = Instance.new("Pose")
        p.Name = "Right Arm"
