local KeyframeSequence = Instance.new("KeyframeSequence")
KeyframeSequence.Name = "saita ma"

do
  local k = Instance.new("Keyframe")
  k.Time = 0
  k.Parent = KeyframeSequence
  do
    local p1 = Instance.new("Pose")
    p1.Name = "HumanoidRootPart"
    p1.CFrame = CFrame.new(0, 0, 0, 1, 0, 0, 0, 1, 0, 0, 0, 1)
    p1.Parent = k
    do
      local p2 = Instance.new("Pose")
      p2.Name = "Torso"
      p2.CFrame = CFrame.new(-1.3783574104309082e-07, 0.12688003480434418, 7.450580596923828e-09, 0.9064047932624817, 0.40094101428985596, -0.13295350968837738, -0.42241013050079346, 0.8603364825248718, -0.28529074788093567, 0, 0.3147498071193695, 0.949174702167511)
      p2.Parent = p1
      do
        local p3 = Instance.new("Pose")
        p3.Name = "Head"
        p3.CFrame = CFrame.new(1.0244548320770264e-08, -7.450580596923828e-09, 0, 0.9315849542617798, -0.36296167969703674, 0.020204925909638405, 0.35978615283966064, 0.9285314083099365, 0.09156050533056259, -0.05199386179447174, -0.07802694290876389, 0.9955945014953613)
        p3.Parent = p2
      end
      do
        local p4 = Instance.new("Pose")
        p4.Name = "Left Leg"
        p4.CFrame = CFrame.new(-0.02742341160774231, -0.042644500732421875, -0.027057349681854248, 0.8783954381942749, 0.2510952353477478, 0.4066600203514099, -0.22082072496414185, 0.9678278565406799, -0.12061429768800735, -0.42386242747306824, 0.016148101538419724, 0.9055824875831604)
        p4.Parent = p2
      end
      do
        local p5 = Instance.new("Pose")
        p5.Name = "Right Arm"
        p5.CFrame = CFrame.new(-0.32346177101135254, -0.24137791991233826, 0.17848628759384155, 0.844070315361023, 0.4929543733596802, -0.2110482156276703, -0.3268779516220093, 0.7850005030632019, 0.5262370109558105, 0.4250837564468384, -0.37519392371177673, 0.8237313032150269)
        p5.Parent = p2
      end
      do
        local p6 = Instance.new("Pose")
        p6.Name = "Right Leg"
        p6.CFrame = CFrame.new(0, 0, 0, 1, 0, 0, 0, 0.9746416807174683, 0.2237713783979416, 0, -0.2237713783979416, 0.9746416807174683)
        p6.Parent = p2
      end
      do
        local p7 = Instance.new("Pose")
        p7.Name = "Left Arm"
        p7.CFrame = CFrame.new(-8.940696716308594e-08, -5.960464477539063e-08, 0, 0.7827341556549072, 0.6161558628082275, 0.08763137459754944, -0.6223562359809875, 0.7749359607696533, 0.1102135181427002, 0, -0.14080581068992615, 0.9900372624397278)
        p7.Parent = p2
      end
    end
  end
end

do
  local k = Instance.new("Keyframe")
  k.Time = 0.06666667014360428
  k.Parent = KeyframeSequence
  do
    local p8 = Instance.new("Pose")
    p8.Name = "HumanoidRootPart"
    p8.CFrame = CFrame.new(0, 0, 0, 1, 0, 0, 0, 1, 0, 0, 0, 1)
    p8.Parent = k
    do
      local p9 = Instance.new("Pose")
      p9.Name = "Torso"
      p9.CFrame = CFrame.new(-8.568167686462402e-08, 0.12688007950782776, -1.1175870895385742e-08, 0.861757755279541, 0.48693567514419556, -0.14236252009868622, -0.5062748789787292, 0.8074271082878113, -0.30289822816848755, -0.0325445830821991, 0.33309948444366455, 0.9423299431800842)
      p9.Parent = p8
      do
        local p10 = Instance.new("Pose")
        p10.Name = "Head"
        p10.CFrame = CFrame.new(-8.987262845039368e-08, -1.9371509552001953e-07, -0.0000012814998626708984, 0.8898526430130005, -0.45605939626693726, 0.013110978528857231, 0.4492088258266449, 0.8807904720306396, 0.1497310996055603, -0.07983432710170746, -0.12734906375408173, 0.9886397123336792)
        p10.Parent = p9
      end
      do
        local p11 = Instance.new("Pose")
        p11.Name = "Left Leg"
        p11.CFrame = CFrame.new(-0.021775901317596436, -0.026727795600891113, -0.027331441640853882, 0.8747032880783081, 0.2485899180173874, 0.41604939103126526, -0.2349894940853119, 0.968315839767456, -0.08452713489532471, -0.4238795042037964, -0.02383102849125862, 0.905404806137085)
        p11.Parent = p9
      end
      do
        local p12 = Instance.new("Pose")
        p12.Name = "Right Arm"
        p12.CFrame = CFrame.new(-0.32346177101135254, -0.24137866497039795, 0.17848604917526245, 0.8058516979217529, 0.5514675378799438, -0.21560755372047424, -0.31363558769226074, 0.7063965797424316, 0.6345367431640625, 0.5022308230400085, -0.4437202215194702, 0.7422105669975281)
        p12.Parent = p9
      end
      do
        local p13 = Instance.new("Pose")
        p13.Name = "Right Leg"
        p13.CFrame = CFrame.new(3.725290298461914e-09, -7.152557373046875e-07, 2.9802322387695312e-08, 0.999969482421875, 0.007809520699083805, 0.00029208933119662106, -0.007616806775331497, 0.965567409992218, 0.2600417137145996, 0.0017487695440649986, -0.26003599166870117, 0.96559739112854)
        p13.Parent = p9
      end
      do
        local p14 = Instance.new("Pose")
        p14.Name = "Left Arm"
        p14.CFrame = CFrame.new(-0.014394670724868774, -0.04057711362838745, 0.0006996989250183105, 0.7569832801818848, 0.6532291173934937, -0.01638484001159668, -0.6311858892440796, 0.7374664545059204, 0.2403082698583603, 0.1690596044063568, -0.17156730592250824, 0.9705582857131958)
        p14.Parent = p9
      end
    end
  end
end

do
  local k = Instance.new("Keyframe")
  k.Time = 0.2888889014720917
  k.Parent = KeyframeSequence
  do
    local p15 = Instance.new("Pose")
    p15.Name = "HumanoidRootPart"
    p15.CFrame = CFrame.new(0, 0, 0, 1, 0, 0, 0, 1, 0, 0, 0, 1)
    p15.Parent = k
    do
      local p16 = Instance.new("Pose")
      p16.Name = "Torso"
      p16.CFrame = CFrame.new(3.3527612686157227e-08, 0.0859857052564621, -3.91155481338501e-07, 0.8460883498191833, 0.49620699882507324, -0.19471247494220734, -0.5321946144104004, 0.7657718062400818, -0.361057311296463, -0.030053824186325073, 0.409111350774765, 0.9119895100593567)
      p16.Parent = p15
      do
        local p17 = Instance.new("Pose")
        p17.Name = "Head"
        p17.CFrame = CFrame.new(-1.3597309589385986e-07, -2.60770320892334e-07, -0.0000016391277313232422, 0.8757811784744263, -0.48227155208587646, 0.020526636391878128, 0.4654000997543335, 0.8549001812934875, 0.2292342185974121, -0.1281013935804367, -0.19120590388774872, 0.9731547832489014)
        p17.Parent = p16
      end
      do
        local p18 = Instance.new("Pose")
        p18.Name = "Left Leg"
        p18.CFrame = CFrame.new(-0.06924998760223389, -0.05120199918746948, -0.005112111568450928, 0.8590177893638611, 0.3311675488948822, 0.390404611825943, -0.29803305864334106, 0.9435405135154724, -0.14460301399230957, -0.41624993085861206, 0.007863344624638557, 0.9092153310775757)
        p18.Parent = p16
      end
      do
        local p19 = Instance.new("Pose")
        p19.Name = "Right Arm"
        p19.CFrame = CFrame.new(-0.3234614431858063, -0.2413792908191681, 0.17848676443099976, 0.9766986966133118, 0.16842566430568695, -0.13301271200180054, -0.03698807954788208, 0.7426021695137024, 0.6687107086181641, 0.21140365302562714, -0.6482090353965759, 0.7315282821655273)
        p19.Parent = p16
      end
      do
        local p20 = Instance.new("Pose")
        p20.Name = "Right Leg"
        p20.CFrame = CFrame.new(0.29244542121887207, 0.12239301204681396, -0.024587690830230713, 0.9941945672035217, 0.03543893247842789, 0.10159283876419067, -0.06442998349666595, 0.9522886872291565, 0.29832354187965393, -0.08617351204156876, -0.30313700437545776, 0.9490422010421753)
        p20.Parent = p16
      end
      do
        local p21 = Instance.new("Pose")
        p21.Name = "Left Arm"
        p21.CFrame = CFrame.new(-0.014394819736480713, -0.04057717323303223, 0.0006999373435974121, 0.8193236589431763, 0.5683029294013977, -0.07576915621757507, -0.5506274700164795, 0.8167984485626221, 0.17219191789627075, 0.15974529087543488, -0.09936022013425827, 0.9821450710296631)
        p21.Parent = p16
      end
    end
  end
end

do
  local k = Instance.new("Keyframe")
  k.Time = 0.41111111640930176
  k.Parent = KeyframeSequence
  do
    local p22 = Instance.new("Pose")
    p22.Name = "HumanoidRootPart"
    p22.CFrame = CFrame.new(0, 0, 0, 1, 0, 0, 0, 1, 0, 0, 0, 1)
    p22.Parent = k
    do
      local p23 = Instance.new("Pose")
      p23.Name = "Torso"
      p23.CFrame = CFrame.new(4.842877388000488e-08, 0.0859857052564621, -3.8929283618927e-07, 0.7864598035812378, 0.5694786310195923, -0.2391129434108734, -0.607485830783844, 0.6432945132255554, -0.46597543358802795, -0.11154300719499588, 0.5117287039756775, 0.8518756031990051)
      p23.Parent = p22
      do
        local p24 = Instance.new("Pose")
        p24.Name = "Head"
        p24.CFrame = CFrame.new(-2.3096799850463867e-07, -3.427267074584961e-07, -0.0000018775463104248047, 0.7538299560546875, -0.6538698077201843, -0.06476429849863052, 0.6253279447555542, 0.6836559176445007, 0.37627026438713074, -0.2017553299665451, -0.3241426944732666, 0.9242435693740845)
        p24.Parent = p23
      end
      do
        local p25 = Instance.new("Pose")
        p25.Name = "Left Leg"
        p25.CFrame = CFrame.new(0.15753549337387085, -0.20374774932861328, -0.12948676943778992, 0.8251447081565857, 0.24351471662521362, 0.5097413659095764, -0.16309091448783875, 0.9665902853012085, -0.19775626063346863, -0.5408667325973511, 0.08004340529441833, 0.8372899293899536)
        p25.Parent = p23
      end
      do
        local p26 = Instance.new("Pose")
        p26.Name = "Right Arm"
        p26.CFrame = CFrame.new(0.08441037684679031, -0.3619198799133301, 0.04312944412231445, 0.9650223255157471, -0.24303993582725525, -0.09830288589000702, 0.2556246519088745, 0.7890416979789734, 0.5586328506469727, -0.05820506811141968, -0.564221203327179, 0.8235689401626587)
        p26.Parent = p23
      end
      do
        local p27 = Instance.new("Pose")
        p27.Name = "Right Leg"
        p27.CFrame = CFrame.new(0.8678911924362183, 0.4281061887741089, -0.1511683464050293, 0.994194507598877, 0.03543883562088013, 0.10159285366535187, -0.06443017721176147, 0.9522889852523804, 0.2983236312866211, -0.08617350459098816, -0.30313682556152344, 0.9490420818328857)
        p27.Parent = p23
      end
      do
        local p28 = Instance.new("Pose")
        p28.Name = "Left Arm"
        p28.CFrame = CFrame.new(0.3981059789657593, -0.22331136465072632, -0.034210205078125, 0.9115794897079468, 0.397443950176239, 0.10517421364784241, -0.4038214087486267, 0.9135959148406982, 0.04765549302101135, -0.0771462470293045, -0.0859132707118988, 0.9933112263679504)
        p28.Parent = p23
      end
    end
  end
end

do
  local k = Instance.new("Keyframe")
  k.Time = 0.4888888895511627
  k.Parent = KeyframeSequence
  do
    local p29 = Instance.new("Pose")
    p29.Name = "HumanoidRootPart"
    p29.CFrame = CFrame.new(0, 0, 0, 1, 0, 0, 0, 1, 0, 0, 0, 1)
    p29.Parent = k
    do
      local p30 = Instance.new("Pose")
      p30.Name = "Torso"
      p30.CFrame = CFrame.new(-0.08456849306821823, -0.17396394908428192, -0.2574757933616638, 0.9722916483879089, 0.22520069777965546, -0.06271781027317047, -0.2049679011106491, 0.6922293901443481, -0.6919586062431335, -0.11241447925567627, 0.6856407523155212, 0.719207763671875)
      p30.Parent = p29
      do
        local p31 = Instance.new("Pose")
        p31.Name = "Head"
        p31.CFrame = CFrame.new(-2.1979212760925293e-07, -3.2782554626464844e-07, -0.000001817941665649414, 0.9269809722900391, -0.3650582432746887, -0.08624684065580368, 0.3542158901691437, 0.7762360572814941, 0.5215251445770264, -0.12343922257423401, -0.5139939188957214, 0.8488657474517822)
        p31.Parent = p30
      end
      do
        local p32 = Instance.new("Pose")
        p32.Name = "Left Leg"
        p32.CFrame = CFrame.new(-0.06600308418273926, -0.1652807593345642, -0.0983465313911438, 0.913007915019989, 0.10105827450752258, 0.3952263295650482, -0.09441328048706055, 0.9948733448982239, -0.03628211468458176, -0.3968658447265625, -0.004189029335975647, 0.9178656935691833)
        p32.Parent = p30
      end
      do
        local p33 = Instance.new("Pose")
        p33.Name = "Right Arm"
        p33.CFrame = CFrame.new(0.08441075682640076, -0.36192166805267334, 0.04312872886657715, 0.587003231048584, -0.793145477771759, -0.1623190939426422, 0.8026531338691711, 0.5439797043800354, 0.24461299180984497, -0.10571541637182236, -0.2738742232322693, 0.9559374451637268)
        p33.Parent = p30
      end
      do
        local p34 = Instance.new("Pose")
        p34.Name = "Right Leg"
        p34.CFrame = CFrame.new(0.8388557434082031, 0.8729385137557983, -0.16531085968017578, 0.9071986675262451, -0.40825140476226807, 0.10159285366535187, 0.36370691657066345, 0.8824527263641357, 0.2983236312866211, -0.21144169569015503, -0.23368829488754272, 0.9490420818328857)
        p34.Parent = p30
      end
      do
        local p35 = Instance.new("Pose")
        p35.Name = "Left Arm"
        p35.CFrame = CFrame.new(0.39810654520988464, -0.2233116626739502, -0.03421017527580261, 0.33136266469955444, 0.32829248905181885, 0.8845469355583191, -0.5517133474349976, 0.8279439210891724, -0.10060584545135498, -0.7653830647468567, -0.45467907190322876, 0.4554728865623474)
        p35.Parent = p30
      end
    end
  end
end

do
  local k = Instance.new("Keyframe")
  k.Time = 0.5222222208976746
  k.Parent = KeyframeSequence
  do
    local p36 = Instance.new("Pose")
    p36.Name = "HumanoidRootPart"
    p36.CFrame = CFrame.new(0, 0, 0, 1, 0, 0, 0, 1, 0, 0, 0, 1)
    p36.Parent = k
    do
      local p37 = Instance.new("Pose")
      p37.Name = "Torso"
      p37.CFrame = CFrame.new(-0.0845685601234436, -0.1739642173051834, -0.25747621059417725, 0.9375613331794739, -0.22964425384998322, 0.2612321972846985, 0.34566977620124817, 0.6985720992088318, -0.6265057325363159, -0.03861605376005173, 0.6776877641677856, 0.7343352437019348)
      p37.Parent = p36
      do
        local p38 = Instance.new("Pose")
        p38.Name = "Head"
        p38.CFrame = CFrame.new(-1.862645149230957e-07, -3.8743019104003906e-07, -0.0000017583370208740234, 0.9765636324882507, 0.19719219207763672, -0.08624684065580368, -0.12438908219337463, 0.8441200852394104, 0.5215251445770264, 0.17564333975315094, -0.4985744059085846, 0.8488657474517822)
        p38.Parent = p37
      end
      do
        local p39 = Instance.new("Pose")
        p39.Name = "Left Leg"
        p39.CFrame = CFrame.new(-0.10820384323596954, 0.05721437931060791, 0.11650460958480835, 0.97589510679245, 0.1760997176170349, 0.12891104817390442, -0.20423483848571777, 0.9451132416725159, 0.25505197048187256, -0.0769207775592804, -0.2752314507961273, 0.9582950472831726)
        p39.Parent = p37
      end
      do
        local p40 = Instance.new("Pose")
        p40.Name = "Right Arm"
        p40.CFrame = CFrame.new(0.33672574162483215, -0.13564032316207886, 0.1679753065109253, -0.27204635739326477, -0.9007989168167114, -0.3384571671485901, 0.8922717571258545, -0.3678404688835144, 0.2618119716644287, -0.3603377938270569, -0.23077081143856049, 0.9038258790969849)
        p40.Parent = p37
      end
      do
        local p41 = Instance.new("Pose")
        p41.Name = "Right Leg"
        p41.CFrame = CFrame.new(0.4657967686653137, 0.3752349615097046, 0.14065511524677277, 0.6333391666412354, -0.724658191204071, -0.2715735137462616, 0.7206427454948425, 0.6801711916923523, -0.13432654738426208, 0.2820567488670349, -0.11063297092914581, 0.9529969692230225)
        p41.Parent = p37
      end
      do
        local p42 = Instance.new("Pose")
        p42.Name = "Left Arm"
        p42.CFrame = CFrame.new(0.39810681343078613, -0.22331176698207855, -0.034210205078125, 0.4905490577220917, -0.06934908032417297, 0.868649959564209, -0.560796320438385, 0.737855076789856, 0.37560316920280457, -0.6669851541519165, -0.6713871955871582, 0.3230632543563843)
        p42.Parent = p37
      end
    end
  end
end

do
  local k = Instance.new("Keyframe")
  k.Time = 0.6111111044883728
  k.Parent = KeyframeSequence
  do
    local p43 = Instance.new("Pose")
    p43.Name = "HumanoidRootPart"
    p43.CFrame = CFrame.new(0, 0, 0, 1, 0, 0, 0, 1, 0, 0, 0, 1)
    p43.Parent = k
    do
      local p44 = Instance.new("Pose")
      p44.Name = "Torso"
      p44.CFrame = CFrame.new(-0.08456899225711823, -0.17396385967731476, 0.335567831993103, -0.008954182267189026, -0.890605092048645, -0.45468947291374207, 0.9781508445739746, -0.10224930197000504, 0.18101388216018677, -0.20770348608493805, -0.44313398003578186, 0.8720617294311523)
      p44.Parent = p43
      do
        local p45 = Instance.new("Pose")
        p45.Name = "Head"
        p45.CFrame = CFrame.new(-4.023313522338867e-07, -1.1920928955078125e-07, -0.0000016689300537109375, 0.23942914605140686, 0.9514950513839722, -0.19321128726005554, -0.9139153957366943, 0.15368607640266418, -0.3756849765777588, -0.3277686834335327, 0.2665286958217621, 0.9063830375671387)
        p45.Parent = p44
      end
      do
        local p46 = Instance.new("Pose")
        p46.Name = "Left Leg"
        p46.CFrame = CFrame.new(-0.10820278525352478, 0.057217419147491455, 0.11650495231151581, 0.8162409067153931, -0.5631457567214966, 0.12891104817390442, 0.5214908123016357, 0.8142470121383667, 0.25505197048187256, -0.24859629571437836, -0.14095759391784668, 0.9582950472831726)
        p46.Parent = p44
      end
      do
        local p47 = Instance.new("Pose")
        p47.Name = "Right Arm"
        p47.CFrame = CFrame.new(-0.22667664289474487, 0.7907236814498901, 1.0473467111587524, 0.6836203932762146, -0.3513312041759491, 0.6397119164466858, -0.40933406352996826, -0.9102439880371094, -0.062480270862579346, 0.6042436361312866, -0.2191426008939743, -0.7660717368125916)
        p47.Parent = p44
      end
      do
        local p48 = Instance.new("Pose")
        p48.Name = "Right Leg"
        p48.CFrame = CFrame.new(0.6434715390205383, 0.836301326751709, 0.6533103585243225, 0.7592358589172363, 0.4419291913509369, -0.4777657687664032, -0.5064502954483032, 0.8622409105300903, -0.007251903414726257, 0.408742219209671, 0.24746935069561005, 0.8784574270248413)
        p48.Parent = p44
      end
      do
        local p49 = Instance.new("Pose")
        p49.Name = "Left Arm"
        p49.CFrame = CFrame.new(0.398107647895813, -0.22331227362155914, -0.03421032428741455, 0.7666892409324646, 0.4423302114009857, 0.4653298556804657, -0.616461455821991, 0.7096599340438843, 0.3411135971546173, -0.17934095859527588, -0.5483857989311218, 0.8167678117752075)
        p49.Parent = p44
      end
    end
  end
end

do
  local k = Instance.new("Keyframe")
  k.Time = 0.644444465637207
  k.Parent = KeyframeSequence
  do
    local p50 = Instance.new("Pose")
    p50.Name = "HumanoidRootPart"
    p50.CFrame = CFrame.new(0, 0, 0, 1, 0, 0, 0, 1, 0, 0, 0, 1)
    p50.Parent = k
    do
      local p51 = Instance.new("Pose")
      p51.Name = "Torso"
      p51.CFrame = CFrame.new(-0.08456917107105255, -0.17396387457847595, 0.3355679214000702, -0.1581498384475708, -0.8649038076400757, -0.4763718843460083, 0.9109991192817688, -0.31390196084976196, 0.2674812376499176, -0.3808794915676117, -0.39167216420173645, 0.8375701904296875)
      p51.Parent = p50
      do
        local p52 = Instance.new("Pose")
        p52.Name = "Head"
        p52.CFrame = CFrame.new(-3.7997961044311523e-07, -1.4901161193847656e-07, -0.0000016987323760986328, 0.23942914605140686, 0.9418867230415344, -0.23563292622566223, -0.9139153957366943, 0.136705681681633, -0.3821912705898285, -0.3277686834335327, 0.30685627460479736, 0.8935362100601196)
        p52.Parent = p51
      end
      do
        local p53 = Instance.new("Pose")
        p53.Name = "Left Leg"
        p53.CFrame = CFrame.new(-0.3786465525627136, -0.07394194602966309, 0.061828210949897766, 0.6359941959381104, -0.7713277339935303, 0.02379077672958374, 0.7011811137199402, 0.590478241443634, 0.3996051251888275, -0.32227396965026855, -0.23746325075626373, 0.9163780212402344)
        p53.Parent = p51
      end
      do
        local p54 = Instance.new("Pose")
        p54.Name = "Right Arm"
        p54.CFrame = CFrame.new(-0.11442935466766357, 0.9475497007369995, 0.9058122634887695, 0.6836204528808594, -0.539397120475769, 0.49164628982543945, -0.409334272146225, -0.8410785794258118, -0.3536031246185303, 0.6042433977127075, 0.040482908487319946, -0.7957704067230225)
        p54.Parent = p51
      end
      do
        local p55 = Instance.new("Pose")
        p55.Name = "Right Leg"
        p55.CFrame = CFrame.new(0.6434719562530518, 0.8363004922866821, 0.65330970287323, 0.7811776995658875, 0.36940670013427734, -0.5032898783683777, -0.4574175477027893, 0.8873146772384644, -0.05870040878653526, 0.4248899817466736, 0.27606791257858276, 0.8621216416358948)
        p55.Parent = p51
      end
      do
        local p56 = Instance.new("Pose")
        p56.Name = "Left Arm"
        p56.CFrame = CFrame.new(0.3981083035469055, -0.2233123481273651, -0.034211039543151855, 0.771653950214386, -0.06824037432670593, 0.6323715448379517, -0.40802237391471863, 0.7095841765403748, 0.5744634866714478, -0.48792219161987305, -0.7013084888458252, 0.519709587097168)
        p56.Parent = p51
      end
    end
  end
end

do
  local k = Instance.new("Keyframe")
  k.Time = 0.7111111283302307
  k.Parent = KeyframeSequence
  do
    local p57 = Instance.new("Pose")
    p57.Name = "HumanoidRootPart"
    p57.CFrame = CFrame.new(0, 0, 0, 1, 0, 0, 0, 1, 0, 0, 0, 1)
    p57.Parent = k
    do
      local p58 = Instance.new("Pose")
      p58.Name = "Torso"
      p58.CFrame = CFrame.new(-0.08456972986459732, -0.17396390438079834, 0.2422279566526413, -0.3098401427268982, -0.8549239039421082, -0.41605815291404724, 0.8148066401481628, -0.4642679691314697, 0.34719645977020264, -0.48998889327049255, -0.2314314842224121, 0.8404466509819031)
      p58.Parent = p57
      do
        local p59 = Instance.new("Pose")
        p59.Name = "Head"
        p59.CFrame = CFrame.new(-4.6193599700927734e-07, -1.6391277313232422e-07, -0.0000014901161193847656, -0.021313637495040894, 0.9264391660690308, -0.37584027647972107, -0.9484134316444397, -0.1376749873161316, -0.2855828106403351, -0.3163190484046936, 0.3503651022911072, 0.8815819025039673)
        p59.Parent = p58
      end
      do
        local p60 = Instance.new("Pose")
        p60.Name = "Left Leg"
        p60.CFrame = CFrame.new(-0.3786483705043793, -0.07394552230834961, 0.061827294528484344, 0.7632425427436829, -0.6423507332801819, -0.06962408870458603, 0.593633234500885, 0.6546214818954468, 0.4680534899234772, -0.25507694482803345, -0.39856746792793274, 0.880952775478363)
        p60.Parent = p58
      end
      do
        local p61 = Instance.new("Pose")
        p61.Name = "Right Arm"
        p61.CFrame = CFrame.new(0.11974537372589111, 0.7201774716377258, 0.9423476457595825, 0.6610674262046814, -0.6924105882644653, 0.2890678644180298, -0.5552478432655334, -0.7105550169944763, -0.4322216212749481, 0.5046707987785339, 0.12522324919700623, -0.854181170463562)
        p61.Parent = p58
      end
      do
        local p62 = Instance.new("Pose")
        p62.Name = "Right Leg"
        p62.CFrame = CFrame.new(0.5842613577842712, 0.6212605237960815, 0.5279401540756226, 0.8150721788406372, 0.2869798541069031, -0.5032899379730225, -0.3635905683040619, 0.9297099709510803, -0.058700352907180786, 0.4510653018951416, 0.2308354675769806, 0.8621215224266052)
        p62.Parent = p58
      end
      do
        local p63 = Instance.new("Pose")
        p63.Name = "Left Arm"
        p63.CFrame = CFrame.new(0.3981088101863861, -0.22331255674362183, -0.03421109914779663, 0.744633138179779, -0.07989311963319778, 0.6626755595207214, -0.3276100754737854, 0.8212509751319885, 0.46713900566101074, -0.5815438628196716, -0.564946174621582, 0.585356593132019)
        p63.Parent = p58
      end
    end
  end
end

do
  local k = Instance.new("Keyframe")
  k.Time = 0.8999999761581421
  k.Parent = KeyframeSequence
  do
    local p64 = Instance.new("Pose")
    p64.Name = "HumanoidRootPart"
    p64.CFrame = CFrame.new(0, 0, 0, 1, 0, 0, 0, 1, 0, 0, 0, 1)
    p64.Parent = k
    do
      local p65 = Instance.new("Pose")
      p65.Name = "Torso"
      p65.CFrame = CFrame.new(-0.08457057178020477, -0.1739632785320282, 0.08373069018125534, -0.4183416962623596, -0.8696584701538086, -0.26207733154296875, 0.8078179955482483, -0.48815062642097473, 0.3303616940975189, -0.4152349829673767, -0.0735066831111908, 0.9067397117614746)
      p65.Parent = p64
      do
        local p66 = Instance.new("Pose")
        p66.Name = "Head"
        p66.CFrame = CFrame.new(-4.6193599700927734e-07, -1.4901161193847656e-07, -0.0000013709068298339844, -0.05731495842337608, 0.9264391660690308, -0.372055321931839, -0.971458911895752, -0.1376749873161316, -0.19316625595092773, -0.23017963767051697, 0.3503651022911072, 0.907888650894165)
        p66.Parent = p65
      end
      do
        local p67 = Instance.new("Pose")
        p67.Name = "Left Leg"
        p67.CFrame = CFrame.new(-0.5592598915100098, 0.0921371579170227, 0.024650290608406067, 0.9234600067138672, -0.38230133056640625, -0.0327029787003994, 0.3618640601634979, 0.8393940329551697, 0.40555888414382935, -0.12759479880332947, -0.3863492012023926, 0.9134823679924011)
        p67.Parent = p65
      end
      do
        local p68 = Instance.new("Pose")
        p68.Name = "Right Arm"
        p68.CFrame = CFrame.new(0.26650041341781616, 0.5795289874076843, 0.8239456415176392, 0.6570653915405273, -0.7064329385757446, 0.2630976438522339, -0.544090747833252, -0.6859885454177856, -0.4831036329269409, 0.5217596292495728, 0.1742815226316452, -0.8350998759269714)
        p68.Parent = p65
      end
      do
        local p69 = Instance.new("Pose")
        p69.Name = "Right Leg"
        p69.CFrame = CFrame.new(0.4317842125892639, 0.6192229986190796, 0.43496546149253845, 0.862960696220398, -0.04472331702709198, -0.5032898783683777, 0.017491532489657402, 0.9981259107589722, -0.0587000846862793, 0.5049684643745422, 0.04185289144515991, 0.862120509147644)
        p69.Parent = p65
      end
      do
        local p70 = Instance.new("Pose")
        p70.Name = "Left Arm"
        p70.CFrame = CFrame.new(0.1605912744998932, -0.14627805352210999, 0.0804818868637085, 0.8629217743873596, -0.05946669727563858, 0.5018266439437866, -0.25436094403266907, 0.80696702003479, 0.5330151319503784, -0.43665409088134766, -0.5875952243804932, 0.6812230944633484)
        p70.Parent = p65
      end
    end
  end
end

do
  local k = Instance.new("Keyframe")
  k.Time = 0.9777777791023254
  k.Parent = KeyframeSequence
  do
    local p71 = Instance.new("Pose")
    p71.Name = "HumanoidRootPart"
    p71.CFrame = CFrame.new(0, 0, 0, 1, 0, 0, 0, 1, 0, 0, 0, 1)
    p71.Parent = k
    do
      local p72 = Instance.new("Pose")
      p72.Name = "Torso"
      p72.CFrame = CFrame.new(-0.08457046002149582, -0.17396360635757446, -0.009531015530228615, -0.2786864638328552, -0.958203136920929, 0.0646580308675766, 0.9525163173675537, -0.2671778202056885, 0.1460428684949875, -0.1226634532213211, 0.10228811949491501, 0.9871631264686584)
      p72.Parent = p71
      do
        local p73 = Instance.new("Pose")
        p73.Name = "Head"
        p73.CFrame = CFrame.new(-5.21540641784668e-07, -6.146728992462158e-08, -0.0000012218952178955078, -0.11286602914333344, 0.9586703181266785, -0.26117485761642456, -0.9910932183265686, -0.1273188591003418, -0.039039719849824905, -0.07067880034446716, 0.2544423043727875, 0.9645017981529236)
        p73.Parent = p72
      end
      do
        local p74 = Instance.new("Pose")
        p74.Name = "Left Leg"
        p74.CFrame = CFrame.new(-0.8312113881111145, 0.16060471534729004, 0.05458757281303406, 0.9755342602729797, -0.20046424865722656, 0.09027837216854095, 0.18359576165676117, 0.9686945080757141, 0.16712921857833862, -0.12095499038696289, -0.1464640200138092, 0.9817904829978943)
        p74.Parent = p72
      end
      do
        local p75 = Instance.new("Pose")
        p75.Name = "Right Arm"
        p75.CFrame = CFrame.new(0.289542555809021, 0.35718995332717896, 0.7963147163391113, 0.5018537044525146, -0.8239693641662598, 0.26309770345687866, -0.670740008354187, -0.5627816915512085, -0.4831037223339081, 0.5461264848709106, 0.06597758084535599, -0.8350996971130371)
        p75.Parent = p72
      end
      do
        local p76 = Instance.new("Pose")
        p76.Name = "Right Leg"
        p76.CFrame = CFrame.new(0.5959800481796265, 0.48906072974205017, 0.33210158348083496, 0.8458403944969177, -0.17679420113563538, -0.5032901763916016, 0.17065374553203583, 0.9835858345031738, -0.05870014429092407, 0.5054018497467041, -0.03623717278242111, 0.8621196746826172)
        p76.Parent = p72
      end
      do
        local p77 = Instance.new("Pose")
        p77.Name = "Left Arm"
        p77.CFrame = CFrame.new(0.009068280458450317, -0.2121114432811737, 0.05095928907394409, 0.8890772461891174, -0.18046128749847412, 0.4206848740577698, -0.01752324588596821, 0.9049215316772461, 0.4252179265022278, -0.457422137260437, -0.3854232728481293, 0.8013824820518494)
        p77.Parent = p72
      end
    end
  end
end

do
  local k = Instance.new("Keyframe")
  k.Time = 1.100000023841858
  k.Parent = KeyframeSequence
  do
    local p78 = Instance.new("Pose")
    p78.Name = "HumanoidRootPart"
    p78.CFrame = CFrame.new(0, 0, 0, 1, 0, 0, 0, 1, 0, 0, 0, 1)
    p78.Parent = k
    do
      local p79 = Instance.new("Pose")
      p79.Name = "Torso"
      p79.CFrame = CFrame.new(-0.0845704898238182, -0.17396344244480133, -0.00953101459890604, 0.37248456478118896, -0.9116084575653076, 0.17385455965995789, 0.9206633567810059, 0.3394119143486023, -0.19281668961048126, 0.11676502227783203, 0.2318829447031021, 0.9657103419303894)
      p79.Parent = p78
      do
        local p80 = Instance.new("Pose")
        p80.Name = "Head"
        p80.CFrame = CFrame.new(-5.960464477539062e-07, 8.940696716308594e-08, -0.0000013113021850585938, 0.5023118853569031, 0.8600115776062012, 0.08979260176420212, -0.8644961714744568, 0.4973085820674896, 0.07300924509763718, 0.01813405752182007, -0.11429880559444427, 0.9932808876037598)
        p80.Parent = p79
      end
      do
        local p81 = Instance.new("Pose")
        p81.Name = "Left Leg"
        p81.CFrame = CFrame.new(-0.5576755404472351, -0.0016909241676330566, 0.034556567668914795, 0.9938298463821411, 0.018030565232038498, 0.10945487767457962, -0.011393086984753609, 0.9980809688568115, -0.06093555688858032, -0.11034305393695831, 0.05931217968463898, 0.9921193718910217)
        p81.Parent = p79
      end
      do
        local p82 = Instance.new("Pose")
        p82.Name = "Right Arm"
        p82.CFrame = CFrame.new(0.14956390857696533, 0.29228514432907104, 0.5166802406311035, -0.12105968594551086, -0.9789276123046875, 0.164464071393013, -0.2445746660232544, -0.13115781545639038, -0.9607213139533997, 0.9620431661605835, -0.15652698278427124, -0.22354193031787872)
        p82.Parent = p79
      end
      do
        local p83 = Instance.new("Pose")
        p83.Name = "Right Leg"
        p83.CFrame = CFrame.new(0.5959795713424683, 0.4890594482421875, 0.33209919929504395, 0.8458403944969177, -0.04498353600502014, -0.5315389633178711, 0.17065374553203583, 0.9668945670127869, 0.18974098563194275, 0.5054018497467041, -0.25119760632514954, 0.8255078792572021)
        p83.Parent = p79
      end
      do
        local p84 = Instance.new("Pose")
        p84.Name = "Left Arm"
        p84.CFrame = CFrame.new(0.009068064391613007, -0.21211153268814087, 0.050959229469299316, 0.9112342596054077, 0.15574470162391663, 0.38130834698677063, -0.25884732604026794, 0.9366410970687866, 0.23601259291172028, -0.32039132714271545, -0.31376340985298157, 0.8938131332397461)
        p84.Parent = p79
      end
    end
  end
end

do
  local k = Instance.new("Keyframe")
  k.Time = 1.2000000476837158
  k.Parent = KeyframeSequence
  do
    local p85 = Instance.new("Pose")
    p85.Name = "HumanoidRootPart"
    p85.CFrame = CFrame.new(0, 0, 0, 1, 0, 0, 0, 1, 0, 0, 0, 1)
    p85.Parent = k
    do
      local p86 = Instance.new("Pose")
      p86.Name = "Torso"
      p86.CFrame = CFrame.new(-0.054856523871421814, -0.11284126341342926, -0.006182283628731966, 0.7157601714134216, -0.6928464770317078, 0.08747110515832901, 0.6969481110572815, 0.7007796168327332, -0.15222154557704926, 0.04416818171739578, 0.16991694271564484, 0.9844681024551392)
      p86.Parent = p85
      do
        local p87 = Instance.new("Pose")
        p87.Name = "Head"
        p87.CFrame = CFrame.new(-3.594905138015747e-07, 0, -0.000001043081283569336, 0.7789680361747742, 0.6250686049461365, 0.04998096823692322, -0.6270603537559509, 0.7767459154129028, 0.05883149802684784, -0.0020487960427999496, -0.07716894149780273, 0.9970158934593201)
        p87.Parent = p86
      end
      do
        local p88 = Instance.new("Pose")
        p88.Name = "Left Leg"
        p88.CFrame = CFrame.new(-0.361728698015213, -0.0010831356048583984, 0.022411108016967773, 0.997401237487793, 0.010954253375530243, 0.07120903581380844, -0.00816086120903492, 0.999190092086792, -0.039401307702064514, -0.07158298045396805, 0.038717783987522125, 0.99668288230896)
        p88.Parent = p86
      end
      do
        local p89 = Instance.new("Pose")
        p89.Name = "Right Arm"
        p89.CFrame = CFrame.new(0.21535584330558777, 0.19163358211517334, 0.28743475675582886, 0.3636814057826996, -0.7309134602546692, -0.5774956941604614, 0.1967376470565796, 0.6662313938140869, -0.7193260192871094, 0.9105108976364136, 0.14799033105373383, 0.38609418272972107)
        p89.Parent = p86
      end
      do
        local p90 = Instance.new("Pose")
        p90.Name = "Right Leg"
        p90.CFrame = CFrame.new(0.3865753710269928, 0.31723862886428833, 0.21541728079319, 0.9339533448219299, -0.04562890902161598, -0.3544701933860779, 0.09947055578231812, 0.98581463098526, 0.13518545031547546, 0.3432735204696655, -0.1615162491798401, 0.925243616104126)
        p90.Parent = p86
      end
      do
        local p91 = Instance.new("Pose")
        p91.Name = "Left Arm"
        p91.CFrame = CFrame.new(0.005881980061531067, -0.13758531212806702, 0.03305470943450928, 0.955768883228302, 0.16362544894218445, 0.24440254271030426, -0.20835697650909424, 0.9631699323654175, 0.16997367143630981, -0.20758916437625885, -0.21337851881980896, 0.9546603560447693)
        p91.Parent = p86
      end
    end
  end
end

do
  local k = Instance.new("Keyframe")
  k.Time = 0.35555556416511536
  k.Parent = KeyframeSequence
end

do
  local k = Instance.new("Keyframe")
  k.Time = 0.5555555820465088
  k.Parent = KeyframeSequence
end
return KeyframeSequence
